1,1,1
2,1,2
3,1,3
4,1,4
5,1,5
6,1,6
7,1,7
8,2,1
9,2,2
10,2,3
11,2,4
12,2,5
13,2,6
14,2,7
15,2,8
16,2,9
17,2,10
18,2,11
19,2,12
20,2,13
21,2,14
22,2,15
23,2,16
24,2,17
25,2,18
26,2,19
27,2,20
28,2,21
29,2,22
30,2,23
31,2,24
32,2,25
33,2,26
34,2,27
35,2,28
36,2,29
37,2,30
38,2,31
39,2,32
40,2,33
41,2,34
42,2,35
43,2,36
44,2,37
45,2,38
46,2,39
47,2,40
48,2,41
49,2,42
50,2,43
51,2,44
52,2,45
53,2,46
54,2,47
55,2,48
56,2,49
57,2,50
58,2,51
59,2,52
60,2,53
61,2,54
62,2,55
63,2,56
64,2,57
65,2,58
66,2,59
67,2,60
68,2,61
69,2,62
70,2,63
71,2,64
72,2,65
73,2,66
74,2,67
75,2,68
76,2,69
77,2,70
78,2,71
79,2,72
80,2,73
81,2,74
82,2,75
83,2,76
84,2,77
85,2,78
86,2,79
87,2,80
88,2,81
89,2,82
90,2,83
91,2,84
92,2,85
93,2,86
94,2,87
95,2,88
96,2,89
97,2,90
98,2,91
99,2,92
100,2,93
101,2,94
102,2,95
103,2,96
104,2,97
105,2,98
106,2,99
107,2,100
108,2,101
109,2,102
110,2,103
111,2,104
112,2,105
113,2,106
114,2,107
115,2,108
116,2,109
117,2,110
118,2,111
119,2,112
120,2,113
121,2,114
122,2,115
123,2,116
124,2,117
125,2,118
126,2,119
127,2,120
128,2,121
129,2,122
130,2,123
131,2,124
132,2,125
133,2,126
134,2,127
135,2,128
136,2,129
137,2,130
138,2,131
139,2,132
140,2,133
141,2,134
142,2,135
143,2,136
144,2,137
145,2,138
146,2,139
147,2,140
148,2,141
149,2,142
150,2,143
151,2,144
152,2,145
153,2,146
154,2,147
155,2,148
156,2,149
157,2,150
158,2,151
159,2,152
160,2,153
161,2,154
162,2,155
163,2,156
164,2,157
165,2,158
166,2,159
167,2,160
168,2,161
169,2,162
170,2,163
171,2,164
172,2,165
173,2,166
174,2,167
175,2,168
176,2,169
177,2,170
178,2,171
179,2,172
180,2,173
181,2,174
182,2,175
183,2,176
184,2,177
185,2,178
186,2,179
187,2,180
188,2,181
189,2,182
190,2,183
191,2,184
192,2,185
193,2,186
194,2,187
195,2,188
196,2,189
197,2,190
198,2,191
199,2,192
200,2,193
201,2,194
202,2,195
203,2,196
204,2,197
205,2,198
206,2,199
207,2,200
208,2,201
209,2,202
210,2,203
211,2,204
212,2,205
213,2,206
214,2,207
215,2,208
216,2,209
217,2,210
218,2,211
219,2,212
220,2,213
221,2,214
222,2,215
223,2,216
224,2,217
225,2,218
226,2,219
227,2,220
228,2,221
229,2,222
230,2,223
231,2,224
232,2,225
233,2,226
234,2,227
235,2,228
236,2,229
237,2,230
238,2,231
239,2,232
240,2,233
241,2,234
242,2,235
243,2,236
244,2,237
245,2,238
246,2,239
247,2,240
248,2,241
249,2,242
250,2,243
251,2,244
252,2,245
253,2,246
254,2,247
255,2,248
256,2,249
257,2,250
258,2,251
259,2,252
260,2,253
261,2,254
262,2,255
263,2,256
264,2,257
265,2,258
266,2,259
267,2,260
268,2,261
269,2,262
270,2,263
271,2,264
272,2,265
273,2,266
274,2,267
275,2,268
276,2,269
277,2,270
278,2,271
279,2,272
280,2,273
281,2,274
282,2,275
283,2,276
284,2,277
285,2,278
286,2,279
287,2,280
288,2,281
289,2,282
290,2,283
291,2,284
292,2,285
293,2,286
294,2,287
295,3,1
296,3,2
297,3,3
298,3,4
299,3,5
300,3,6
301,3,7
302,3,8
303,3,9
304,3,10
305,3,11
306,3,12
307,3,13
308,3,14
309,3,15
310,3,16
311,3,17
312,3,18
313,3,19
314,3,20
315,3,21
316,3,22
317,3,23
318,3,24
319,3,25
320,3,26
321,3,27
322,3,28
323,3,29
324,3,30
325,3,31
326,3,32
327,3,33
328,3,34
329,3,35
330,3,36
331,3,37
332,3,38
333,3,39
334,3,40
335,3,41
336,3,42
337,3,43
338,3,44
339,3,45
340,3,46
341,3,47
342,3,48
343,3,49
344,3,50
345,3,51
346,3,52
347,3,53
348,3,54
349,3,55
350,3,56
351,3,57
352,3,58
353,3,59
354,3,60
355,3,61
356,3,62
357,3,63
358,3,64
359,3,65
360,3,66
361,3,67
362,3,68
363,3,69
364,3,70
365,3,71
366,3,72
367,3,73
368,3,74
369,3,75
370,3,76
371,3,77
372,3,78
373,3,79
374,3,80
375,3,81
376,3,82
377,3,83
378,3,84
379,3,85
380,3,86
381,3,87
382,3,88
383,3,89
384,3,90
385,3,91
386,3,92
387,3,93
388,3,94
389,3,95
390,3,96
391,3,97
392,3,98
393,3,99
394,3,100
395,3,101
396,3,102
397,3,103
398,3,104
399,3,105
400,3,106
401,3,107
402,3,108
403,3,109
404,3,110
405,3,111
406,3,112
407,3,113
408,3,114
409,3,115
410,3,116
411,3,117
412,3,118
413,3,119
414,3,120
415,3,121
416,3,122
417,3,123
418,3,124
419,3,125
420,3,126
421,3,127
422,3,128
423,3,129
424,3,130
425,3,131
426,3,132
427,3,133
428,3,134
429,3,135
430,3,136
431,3,137
432,3,138
433,3,139
434,3,140
435,3,141
436,3,142
437,3,143
438,3,144
439,3,145
440,3,146
441,3,147
442,3,148
443,3,149
444,3,150
445,3,151
446,3,152
447,3,153
448,3,154
449,3,155
450,3,156
451,3,157
452,3,158
453,3,159
454,3,160
455,3,161
456,3,162
457,3,163
458,3,164
459,3,165
460,3,166
461,3,167
462,3,168
463,3,169
464,3,170
465,3,171
466,3,172
467,3,173
468,3,174
469,3,175
470,3,176
471,3,177
472,3,178
473,3,179
474,3,180
475,3,181
476,3,182
477,3,183
478,3,184
479,3,185
480,3,186
481,3,187
482,3,188
483,3,189
484,3,190
485,3,191
486,3,192
487,3,193
488,3,194
489,3,195
490,3,196
491,3,197
492,3,198
493,3,199
494,3,200
495,3,201
496,4,1
497,4,2
498,4,3
499,4,4
500,4,5
501,4,6
502,4,7
503,4,8
504,4,9
505,4,10
506,4,11
507,4,12
508,4,13
509,4,14
510,4,15
511,4,16
512,4,17
513,4,18
514,4,19
515,4,20
516,4,21
517,4,22
518,4,23
519,4,24
520,4,25
521,4,26
522,4,27
523,4,28
524,4,29
525,4,30
526,4,31
527,4,32
528,4,33
529,4,34
530,4,35
531,4,36
532,4,37
533,4,38
534,4,39
535,4,40
536,4,41
537,4,42
538,4,43
539,4,44
540,4,45
541,4,46
542,4,47
543,4,48
544,4,49
545,4,50
546,4,51
547,4,52
548,4,53
549,4,54
550,4,55
551,4,56
552,4,57
553,4,58
554,4,59
555,4,60
556,4,61
557,4,62
558,4,63
559,4,64
560,4,65
561,4,66
562,4,67
563,4,68
564,4,69
565,4,70
566,4,71
567,4,72
568,4,73
569,4,74
570,4,75
571,4,76
572,4,77
573,4,78
574,4,79
575,4,80
576,4,81
577,4,82
578,4,83
579,4,84
580,4,85
581,4,86
582,4,87
583,4,88
584,4,89
585,4,90
586,4,91
587,4,92
588,4,93
589,4,94
590,4,95
591,4,96
592,4,97
593,4,98
594,4,99
595,4,100
596,4,101
597,4,102
598,4,103
599,4,104
600,4,105
601,4,106
602,4,107
603,4,108
604,4,109
605,4,110
606,4,111
607,4,112
608,4,113
609,4,114
610,4,115
611,4,116
612,4,117
613,4,118
614,4,119
615,4,120
616,4,121
617,4,122
618,4,123
619,4,124
620,4,125
621,4,126
622,4,127
623,4,128
624,4,129
625,4,130
626,4,131
627,4,132
628,4,133
629,4,134
630,4,135
631,4,136
632,4,137
633,4,138
634,4,139
635,4,140
636,4,141
637,4,142
638,4,143
639,4,144
640,4,145
641,4,146
642,4,147
643,4,148
644,4,149
645,4,150
646,4,151
647,4,152
648,4,153
649,4,154
650,4,155
651,4,156
652,4,157
653,4,158
654,4,159
655,4,160
656,4,161
657,4,162
658,4,163
659,4,164
660,4,165
661,4,166
662,4,167
663,4,168
664,4,169
665,4,170
666,4,171
667,4,172
668,4,173
669,4,174
670,4,175
671,4,176
672,4,177
673,5,1
674,5,2
675,5,3
676,5,4
677,5,5
678,5,6
679,5,7
680,5,8
681,5,9
682,5,10
683,5,11
684,5,12
685,5,13
686,5,14
687,5,15
688,5,16
689,5,17
690,5,18
691,5,19
692,5,20
693,5,21
694,5,22
695,5,23
696,5,24
697,5,25
698,5,26
699,5,27
700,5,28
701,5,29
702,5,30
703,5,31
704,5,32
705,5,33
706,5,34
707,5,35
708,5,36
709,5,37
710,5,38
711,5,39
712,5,40
713,5,41
714,5,42
715,5,43
716,5,44
717,5,45
718,5,46
719,5,47
720,5,48
721,5,49
722,5,50
723,5,51
724,5,52
725,5,53
726,5,54
727,5,55
728,5,56
729,5,57
730,5,58
731,5,59
732,5,60
733,5,61
734,5,62
735,5,63
736,5,64
737,5,65
738,5,66
739,5,67
740,5,68
741,5,69
742,5,70
743,5,71
744,5,72
745,5,73
746,5,74
747,5,75
748,5,76
749,5,77
750,5,78
751,5,79
752,5,80
753,5,81
754,5,82
755,5,83
756,5,84
757,5,85
758,5,86
759,5,87
760,5,88
761,5,89
762,5,90
763,5,91
764,5,92
765,5,93
766,5,94
767,5,95
768,5,96
769,5,97
770,5,98
771,5,99
772,5,100
773,5,101
774,5,102
775,5,103
776,5,104
777,5,105
778,5,106
779,5,107
780,5,108
781,5,109
782,5,110
783,5,111
784,5,112
785,5,113
786,5,114
787,5,115
788,5,116
789,5,117
790,5,118
791,5,119
792,5,120
793,5,121
794,6,1
795,6,2
796,6,3
797,6,4
798,6,5
799,6,6
800,6,7
801,6,8
802,6,9
803,6,10
804,6,11
805,6,12
806,6,13
807,6,14
808,6,15
809,6,16
810,6,17
811,6,18
812,6,19
813,6,20
814,6,21
815,6,22
816,6,23
817,6,24
818,6,25
819,6,26
820,6,27
821,6,28
822,6,29
823,6,30
824,6,31
825,6,32
826,6,33
827,6,34
828,6,35
829,6,36
830,6,37
831,6,38
832,6,39
833,6,40
834,6,41
835,6,42
836,6,43
837,6,44
838,6,45
839,6,46
840,6,47
841,6,48
842,6,49
843,6,50
844,6,51
845,6,52
846,6,53
847,6,54
848,6,55
849,6,56
850,6,57
851,6,58
852,6,59
853,6,60
854,6,61
855,6,62
856,6,63
857,6,64
858,6,65
859,6,66
860,6,67
861,6,68
862,6,69
863,6,70
864,6,71
865,6,72
866,6,73
867,6,74
868,6,75
869,6,76
870,6,77
871,6,78
872,6,79
873,6,80
874,6,81
875,6,82
876,6,83
877,6,84
878,6,85
879,6,86
880,6,87
881,6,88
882,6,89
883,6,90
884,6,91
885,6,92
886,6,93
887,6,94
888,6,95
889,6,96
890,6,97
891,6,98
892,6,99
893,6,100
894,6,101
895,6,102
896,6,103
897,6,104
898,6,105
899,6,106
900,6,107
901,6,108
902,6,109
903,6,110
904,6,111
905,6,112
906,6,113
907,6,114
908,6,115
909,6,116
910,6,117
911,6,118
912,6,119
913,6,120
914,6,121
915,6,122
916,6,123
917,6,124
918,6,125
919,6,126
920,6,127
921,6,128
922,6,129
923,6,130
924,6,131
925,6,132
926,6,133
927,6,134
928,6,135
929,6,136
930,6,137
931,6,138
932,6,139
933,6,140
934,6,141
935,6,142
936,6,143
937,6,144
938,6,145
939,6,146
940,6,147
941,6,148
942,6,149
943,6,150
944,6,151
945,6,152
946,6,153
947,6,154
948,6,155
949,6,156
950,6,157
951,6,158
952,6,159
953,6,160
954,6,161
955,6,162
956,6,163
957,6,164
958,6,165
959,6,166
960,7,1
961,7,2
962,7,3
963,7,4
964,7,5
965,7,6
966,7,7
967,7,8
968,7,9
969,7,10
970,7,11
971,7,12
972,7,13
973,7,14
974,7,15
975,7,16
976,7,17
977,7,18
978,7,19
979,7,20
980,7,21
981,7,22
982,7,23
983,7,24
984,7,25
985,7,26
986,7,27
987,7,28
988,7,29
989,7,30
990,7,31
991,7,32
992,7,33
993,7,34
994,7,35
995,7,36
996,7,37
997,7,38
998,7,39
999,7,40
1000,7,41
1001,7,42
1002,7,43
1003,7,44
1004,7,45
1005,7,46
1006,7,47
1007,7,48
1008,7,49
1009,7,50
1010,7,51
1011,7,52
1012,7,53
1013,7,54
1014,7,55
1015,7,56
1016,7,57
1017,7,58
1018,7,59
1019,7,60
1020,7,61
1021,7,62
1022,7,63
1023,7,64
1024,7,65
1025,7,66
1026,7,67
1027,7,68
1028,7,69
1029,7,70
1030,7,71
1031,7,72
1032,7,73
1033,7,74
1034,7,75
1035,7,76
1036,7,77
1037,7,78
1038,7,79
1039,7,80
1040,7,81
1041,7,82
1042,7,83
1043,7,84
1044,7,85
1045,7,86
1046,7,87
1047,7,88
1048,7,89
1049,7,90
1050,7,91
1051,7,92
1052,7,93
1053,7,94
1054,7,95
1055,7,96
1056,7,97
1057,7,98
1058,7,99
1059,7,100
1060,7,101
1061,7,102
1062,7,103
1063,7,104
1064,7,105
1065,7,106
1066,7,107
1067,7,108
1068,7,109
1069,7,110
1070,7,111
1071,7,112
1072,7,113
1073,7,114
1074,7,115
1075,7,116
1076,7,117
1077,7,118
1078,7,119
1079,7,120
1080,7,121
1081,7,122
1082,7,123
1083,7,124
1084,7,125
1085,7,126
1086,7,127
1087,7,128
1088,7,129
1089,7,130
1090,7,131
1091,7,132
1092,7,133
1093,7,134
1094,7,135
1095,7,136
1096,7,137
1097,7,138
1098,7,139
1099,7,140
1100,7,141
1101,7,142
1102,7,143
1103,7,144
1104,7,145
1105,7,146
1106,7,147
1107,7,148
1108,7,149
1109,7,150
1110,7,151
1111,7,152
1112,7,153
1113,7,154
1114,7,155
1115,7,156
1116,7,157
1117,7,158
1118,7,159
1119,7,160
1120,7,161
1121,7,162
1122,7,163
1123,7,164
1124,7,165
1125,7,166
1126,7,167
1127,7,168
1128,7,169
1129,7,170
1130,7,171
1131,7,172
1132,7,173
1133,7,174
1134,7,175
1135,7,176
1136,7,177
1137,7,178
1138,7,179
1139,7,180
1140,7,181
1141,7,182
1142,7,183
1143,7,184
1144,7,185
1145,7,186
1146,7,187
1147,7,188
1148,7,189
1149,7,190
1150,7,191
1151,7,192
1152,7,193
1153,7,194
1154,7,195
1155,7,196
1156,7,197
1157,7,198
1158,7,199
1159,7,200
1160,7,201
1161,7,202
1162,7,203
1163,7,204
1164,7,205
1165,7,206
1166,7,207
1167,8,1
1168,8,2
1169,8,3
1170,8,4
1171,8,5
1172,8,6
1173,8,7
1174,8,8
1175,8,9
1176,8,10
1177,8,11
1178,8,12
1179,8,13
1180,8,14
1181,8,15
1182,8,16
1183,8,17
1184,8,18
1185,8,19
1186,8,20
1187,8,21
1188,8,22
1189,8,23
1190,8,24
1191,8,25
1192,8,26
1193,8,27
1194,8,28
1195,8,29
1196,8,30
1197,8,31
1198,8,32
1199,8,33
1200,8,34
1201,8,35
1202,8,36
1203,8,37
1204,8,38
1205,8,39
1206,8,40
1207,8,41
1208,8,42
1209,8,43
1210,8,44
1211,8,45
1212,8,46
1213,8,47
1214,8,48
1215,8,49
1216,8,50
1217,8,51
1218,8,52
1219,8,53
1220,8,54
1221,8,55
1222,8,56
1223,8,57
1224,8,58
1225,8,59
1226,8,60
1227,8,61
1228,8,62
1229,8,63
1230,8,64
1231,8,65
1232,8,66
1233,8,67
1234,8,68
1235,8,69
1236,8,70
1237,8,71
1238,8,72
1239,8,73
1240,8,74
1241,8,75
1242,8,76
1243,9,1
1244,9,2
1245,9,3
1246,9,4
1247,9,5
1248,9,6
1249,9,7
1250,9,8
1251,9,9
1252,9,10
1253,9,11
1254,9,12
1255,9,13
1256,9,14
1257,9,15
1258,9,16
1259,9,17
1260,9,18
1261,9,19
1262,9,20
1263,9,21
1264,9,22
1265,9,23
1266,9,24
1267,9,25
1268,9,26
1269,9,27
1270,9,28
1271,9,29
1272,9,30
1273,9,31
1274,9,32
1275,9,33
1276,9,34
1277,9,35
1278,9,36
1279,9,37
1280,9,38
1281,9,39
1282,9,40
1283,9,41
1284,9,42
1285,9,43
1286,9,44
1287,9,45
1288,9,46
1289,9,47
1290,9,48
1291,9,49
1292,9,50
1293,9,51
1294,9,52
1295,9,53
1296,9,54
1297,9,55
1298,9,56
1299,9,57
1300,9,58
1301,9,59
1302,9,60
1303,9,61
1304,9,62
1305,9,63
1306,9,64
1307,9,65
1308,9,66
1309,9,67
1310,9,68
1311,9,69
1312,9,70
1313,9,71
1314,9,72
1315,9,73
1316,9,74
1317,9,75
1318,9,76
1319,9,77
1320,9,78
1321,9,79
1322,9,80
1323,9,81
1324,9,82
1325,9,83
1326,9,84
1327,9,85
1328,9,86
1329,9,87
1330,9,88
1331,9,89
1332,9,90
1333,9,91
1334,9,92
1335,9,93
1336,9,94
1337,9,95
1338,9,96
1339,9,97
1340,9,98
1341,9,99
1342,9,100
1343,9,101
1344,9,102
1345,9,103
1346,9,104
1347,9,105
1348,9,106
1349,9,107
1350,9,108
1351,9,109
1352,9,110
1353,9,111
1354,9,112
1355,9,113
1356,9,114
1357,9,115
1358,9,116
1359,9,117
1360,9,118
1361,9,119
1362,9,120
1363,9,121
1364,9,122
1365,9,123
1366,9,124
1367,9,125
1368,9,126
1369,9,127
1370,9,128
1371,9,129
1372,10,1
1373,10,2
1374,10,3
1375,10,4
1376,10,5
1377,10,6
1378,10,7
1379,10,8
1380,10,9
1381,10,10
1382,10,11
1383,10,12
1384,10,13
1385,10,14
1386,10,15
1387,10,16
1388,10,17
1389,10,18
1390,10,19
1391,10,20
1392,10,21
1393,10,22
1394,10,23
1395,10,24
1396,10,25
1397,10,26
1398,10,27
1399,10,28
1400,10,29
1401,10,30
1402,10,31
1403,10,32
1404,10,33
1405,10,34
1406,10,35
1407,10,36
1408,10,37
1409,10,38
1410,10,39
1411,10,40
1412,10,41
1413,10,42
1414,10,43
1415,10,44
1416,10,45
1417,10,46
1418,10,47
1419,10,48
1420,10,49
1421,10,50
1422,10,51
1423,10,52
1424,10,53
1425,10,54
1426,10,55
1427,10,56
1428,10,57
1429,10,58
1430,10,59
1431,10,60
1432,10,61
1433,10,62
1434,10,63
1435,10,64
1436,10,65
1437,10,66
1438,10,67
1439,10,68
1440,10,69
1441,10,70
1442,10,71
1443,10,72
1444,10,73
1445,10,74
1446,10,75
1447,10,76
1448,10,77
1449,10,78
1450,10,79
1451,10,80
1452,10,81
1453,10,82
1454,10,83
1455,10,84
1456,10,85
1457,10,86
1458,10,87
1459,10,88
1460,10,89
1461,10,90
1462,10,91
1463,10,92
1464,10,93
1465,10,94
1466,10,95
1467,10,96
1468,10,97
1469,10,98
1470,10,99
1471,10,100
1472,10,101
1473,10,102
1474,10,103
1475,10,104
1476,10,105
1477,10,106
1478,10,107
1479,10,108
1480,10,109
1481,10,110
1482,11,1
1483,11,2
1484,11,3
1485,11,4
1486,11,5
1487,11,6
1488,11,7
1489,11,8
1490,11,9
1491,11,10
1492,11,11
1493,11,12
1494,11,13
1495,11,14
1496,11,15
1497,11,16
1498,11,17
1499,11,18
1500,11,19
1501,11,20
1502,11,21
1503,11,22
1504,11,23
1505,11,24
1506,11,25
1507,11,26
1508,11,27
1509,11,28
1510,11,29
1511,11,30
1512,11,31
1513,11,32
1514,11,33
1515,11,34
1516,11,35
1517,11,36
1518,11,37
1519,11,38
1520,11,39
1521,11,40
1522,11,41
1523,11,42
1524,11,43
1525,11,44
1526,11,45
1527,11,46
1528,11,47
1529,11,48
1530,11,49
1531,11,50
1532,11,51
1533,11,52
1534,11,53
1535,11,54
1536,11,55
1537,11,56
1538,11,57
1539,11,58
1540,11,59
1541,11,60
1542,11,61
1543,11,62
1544,11,63
1545,11,64
1546,11,65
1547,11,66
1548,11,67
1549,11,68
1550,11,69
1551,11,70
1552,11,71
1553,11,72
1554,11,73
1555,11,74
1556,11,75
1557,11,76
1558,11,77
1559,11,78
1560,11,79
1561,11,80
1562,11,81
1563,11,82
1564,11,83
1565,11,84
1566,11,85
1567,11,86
1568,11,87
1569,11,88
1570,11,89
1571,11,90
1572,11,91
1573,11,92
1574,11,93
1575,11,94
1576,11,95
1577,11,96
1578,11,97
1579,11,98
1580,11,99
1581,11,100
1582,11,101
1583,11,102
1584,11,103
1585,11,104
1586,11,105
1587,11,106
1588,11,107
1589,11,108
1590,11,109
1591,11,110
1592,11,111
1593,11,112
1594,11,113
1595,11,114
1596,11,115
1597,11,116
1598,11,117
1599,11,118
1600,11,119
1601,11,120
1602,11,121
1603,11,122
1604,11,123
1605,11,124
1606,12,1
1607,12,2
1608,12,3
1609,12,4
1610,12,5
1611,12,6
1612,12,7
1613,12,8
1614,12,9
1615,12,10
1616,12,11
1617,12,12
1618,12,13
1619,12,14
1620,12,15
1621,12,16
1622,12,17
1623,12,18
1624,12,19
1625,12,20
1626,12,21
1627,12,22
1628,12,23
1629,12,24
1630,12,25
1631,12,26
1632,12,27
1633,12,28
1634,12,29
1635,12,30
1636,12,31
1637,12,32
1638,12,33
1639,12,34
1640,12,35
1641,12,36
1642,12,37
1643,12,38
1644,12,39
1645,12,40
1646,12,41
1647,12,42
1648,12,43
1649,12,44
1650,12,45
1651,12,46
1652,12,47
1653,12,48
1654,12,49
1655,12,50
1656,12,51
1657,12,52
1658,12,53
1659,12,54
1660,12,55
1661,12,56
1662,12,57
1663,12,58
1664,12,59
1665,12,60
1666,12,61
1667,12,62
1668,12,63
1669,12,64
1670,12,65
1671,12,66
1672,12,67
1673,12,68
1674,12,69
1675,12,70
1676,12,71
1677,12,72
1678,12,73
1679,12,74
1680,12,75
1681,12,76
1682,12,77
1683,12,78
1684,12,79
1685,12,80
1686,12,81
1687,12,82
1688,12,83
1689,12,84
1690,12,85
1691,12,86
1692,12,87
1693,12,88
1694,12,89
1695,12,90
1696,12,91
1697,12,92
1698,12,93
1699,12,94
1700,12,95
1701,12,96
1702,12,97
1703,12,98
1704,12,99
1705,12,100
1706,12,101
1707,12,102
1708,12,103
1709,12,104
1710,12,105
1711,12,106
1712,12,107
1713,12,108
1714,12,109
1715,12,110
1716,12,111
1717,12,112
1718,13,1
1719,13,2
1720,13,3
1721,13,4
1722,13,5
1723,13,6
1724,13,7
1725,13,8
1726,13,9
1727,13,10
1728,13,11
1729,13,12
1730,13,13
1731,13,14
1732,13,15
1733,13,16
1734,13,17
1735,13,18
1736,13,19
1737,13,20
1738,13,21
1739,13,22
1740,13,23
1741,13,24
1742,13,25
1743,13,26
1744,13,27
1745,13,28
1746,13,29
1747,13,30
1748,13,31
1749,13,32
1750,13,33
1751,13,34
1752,13,35
1753,13,36
1754,13,37
1755,13,38
1756,13,39
1757,13,40
1758,13,41
1759,13,42
1760,13,43
1761,13,44
1762,14,1
1763,14,2
1764,14,3
1765,14,4
1766,14,5
1767,14,6
1768,14,7
1769,14,8
1770,14,9
1771,14,10
1772,14,11
1773,14,12
1774,14,13
1775,14,14
1776,14,15
1777,14,16
1778,14,17
1779,14,18
1780,14,19
1781,14,20
1782,14,21
1783,14,22
1784,14,23
1785,14,24
1786,14,25
1787,14,26
1788,14,27
1789,14,28
1790,14,29
1791,14,30
1792,14,31
1793,14,32
1794,14,33
1795,14,34
1796,14,35
1797,14,36
1798,14,37
1799,14,38
1800,14,39
1801,14,40
1802,14,41
1803,14,42
1804,14,43
1805,14,44
1806,14,45
1807,14,46
1808,14,47
1809,14,48
1810,14,49
1811,14,50
1812,14,51
1813,14,52
1814,14,53
1815,15,1
1816,15,2
1817,15,3
1818,15,4
1819,15,5
1820,15,6
1821,15,7
1822,15,8
1823,15,9
1824,15,10
1825,15,11
1826,15,12
1827,15,13
1828,15,14
1829,15,15
1830,15,16
1831,15,17
1832,15,18
1833,15,19
1834,15,20
1835,15,21
1836,15,22
1837,15,23
1838,15,24
1839,15,25
1840,15,26
1841,15,27
1842,15,28
1843,15,29
1844,15,30
1845,15,31
1846,15,32
1847,15,33
1848,15,34
1849,15,35
1850,15,36
1851,15,37
1852,15,38
1853,15,39
1854,15,40
1855,15,41
1856,15,42
1857,15,43
1858,15,44
1859,15,45
1860,15,46
1861,15,47
1862,15,48
1863,15,49
1864,15,50
1865,15,51
1866,15,52
1867,15,53
1868,15,54
1869,15,55
1870,15,56
1871,15,57
1872,15,58
1873,15,59
1874,15,60
1875,15,61
1876,15,62
1877,15,63
1878,15,64
1879,15,65
1880,15,66
1881,15,67
1882,15,68
1883,15,69
1884,15,70
1885,15,71
1886,15,72
1887,15,73
1888,15,74
1889,15,75
1890,15,76
1891,15,77
1892,15,78
1893,15,79
1894,15,80
1895,15,81
1896,15,82
1897,15,83
1898,15,84
1899,15,85
1900,15,86
1901,15,87
1902,15,88
1903,15,89
1904,15,90
1905,15,91
1906,15,92
1907,15,93
1908,15,94
1909,15,95
1910,15,96
1911,15,97
1912,15,98
1913,15,99
1914,15,100
1915,16,1
1916,16,2
1917,16,3
1918,16,4
1919,16,5
1920,16,6
1921,16,7
1922,16,8
1923,16,9
1924,16,10
1925,16,11
1926,16,12
1927,16,13
1928,16,14
1929,16,15
1930,16,16
1931,16,17
1932,16,18
1933,16,19
1934,16,20
1935,16,21
1936,16,22
1937,16,23
1938,16,24
1939,16,25
1940,16,26
1941,16,27
1942,16,28
1943,16,29
1944,16,30
1945,16,31
1946,16,32
1947,16,33
1948,16,34
1949,16,35
1950,16,36
1951,16,37
1952,16,38
1953,16,39
1954,16,40
1955,16,41
1956,16,42
1957,16,43
1958,16,44
1959,16,45
1960,16,46
1961,16,47
1962,16,48
1963,16,49
1964,16,50
1965,16,51
1966,16,52
1967,16,53
1968,16,54
1969,16,55
1970,16,56
1971,16,57
1972,16,58
1973,16,59
1974,16,60
1975,16,61
1976,16,62
1977,16,63
1978,16,64
1979,16,65
1980,16,66
1981,16,67
1982,16,68
1983,16,69
1984,16,70
1985,16,71
1986,16,72
1987,16,73
1988,16,74
1989,16,75
1990,16,76
1991,16,77
1992,16,78
1993,16,79
1994,16,80
1995,16,81
1996,16,82
1997,16,83
1998,16,84
1999,16,85
2000,16,86
2001,16,87
2002,16,88
2003,16,89
2004,16,90
2005,16,91
2006,16,92
2007,16,93
2008,16,94
2009,16,95
2010,16,96
2011,16,97
2012,16,98
2013,16,99
2014,16,100
2015,16,101
2016,16,102
2017,16,103
2018,16,104
2019,16,105
2020,16,106
2021,16,107
2022,16,108
2023,16,109
2024,16,110
2025,16,111
2026,16,112
2027,16,113
2028,16,114
2029,16,115
2030,16,116
2031,16,117
2032,16,118
2033,16,119
2034,16,120
2035,16,121
2036,16,122
2037,16,123
2038,16,124
2039,16,125
2040,16,126
2041,16,127
2042,16,128
2043,16,129
2044,17,1
2045,17,2
2046,17,3
2047,17,4
2048,17,5
2049,17,6
2050,17,7
2051,17,8
2052,17,9
2053,17,10
2054,17,11
2055,17,12
2056,17,13
2057,17,14
2058,17,15
2059,17,16
2060,17,17
2061,17,18
2062,17,19
2063,17,20
2064,17,21
2065,17,22
2066,17,23
2067,17,24
2068,17,25
2069,17,26
2070,17,27
2071,17,28
2072,17,29
2073,17,30
2074,17,31
2075,17,32
2076,17,33
2077,17,34
2078,17,35
2079,17,36
2080,17,37
2081,17,38
2082,17,39
2083,17,40
2084,17,41
2085,17,42
2086,17,43
2087,17,44
2088,17,45
2089,17,46
2090,17,47
2091,17,48
2092,17,49
2093,17,50
2094,17,51
2095,17,52
2096,17,53
2097,17,54
2098,17,55
2099,17,56
2100,17,57
2101,17,58
2102,17,59
2103,17,60
2104,17,61
2105,17,62
2106,17,63
2107,17,64
2108,17,65
2109,17,66
2110,17,67
2111,17,68
2112,17,69
2113,17,70
2114,17,71
2115,17,72
2116,17,73
2117,17,74
2118,17,75
2119,17,76
2120,17,77
2121,17,78
2122,17,79
2123,17,80
2124,17,81
2125,17,82
2126,17,83
2127,17,84
2128,17,85
2129,17,86
2130,17,87
2131,17,88
2132,17,89
2133,17,90
2134,17,91
2135,17,92
2136,17,93
2137,17,94
2138,17,95
2139,17,96
2140,17,97
2141,17,98
2142,17,99
2143,17,100
2144,17,101
2145,17,102
2146,17,103
2147,17,104
2148,17,105
2149,17,106
2150,17,107
2151,17,108
2152,17,109
2153,17,110
2154,17,111
2155,17,112
2156,18,1
2157,18,2
2158,18,3
2159,18,4
2160,18,5
2161,18,6
2162,18,7
2163,18,8
2164,18,9
2165,18,10
2166,18,11
2167,18,12
2168,18,13
2169,18,14
2170,18,15
2171,18,16
2172,18,17
2173,18,18
2174,18,19
2175,18,20
2176,18,21
2177,18,22
2178,18,23
2179,18,24
2180,18,25
2181,18,26
2182,18,27
2183,18,28
2184,18,29
2185,18,30
2186,18,31
2187,18,32
2188,18,33
2189,18,34
2190,18,35
2191,18,36
2192,18,37
2193,18,38
2194,18,39
2195,18,40
2196,18,41
2197,18,42
2198,18,43
2199,18,44
2200,18,45
2201,18,46
2202,18,47
2203,18,48
2204,18,49
2205,18,50
2206,18,51
2207,18,52
2208,18,53
2209,18,54
2210,18,55
2211,18,56
2212,18,57
2213,18,58
2214,18,59
2215,18,60
2216,18,61
2217,18,62
2218,18,63
2219,18,64
2220,18,65
2221,18,66
2222,18,67
2223,18,68
2224,18,69
2225,18,70
2226,18,71
2227,18,72
2228,18,73
2229,18,74
2230,18,75
2231,18,76
2232,18,77
2233,18,78
2234,18,79
2235,18,80
2236,18,81
2237,18,82
2238,18,83
2239,18,84
2240,18,85
2241,18,86
2242,18,87
2243,18,88
2244,18,89
2245,18,90
2246,18,91
2247,18,92
2248,18,93
2249,18,94
2250,18,95
2251,18,96
2252,18,97
2253,18,98
2254,18,99
2255,18,100
2256,18,101
2257,18,102
2258,18,103
2259,18,104
2260,18,105
2261,18,106
2262,18,107
2263,18,108
2264,18,109
2265,18,110
2266,18,111
2267,19,1
2268,19,2
2269,19,3
2270,19,4
2271,19,5
2272,19,6
2273,19,7
2274,19,8
2275,19,9
2276,19,10
2277,19,11
2278,19,12
2279,19,13
2280,19,14
2281,19,15
2282,19,16
2283,19,17
2284,19,18
2285,19,19
2286,19,20
2287,19,21
2288,19,22
2289,19,23
2290,19,24
2291,19,25
2292,19,26
2293,19,27
2294,19,28
2295,19,29
2296,19,30
2297,19,31
2298,19,32
2299,19,33
2300,19,34
2301,19,35
2302,19,36
2303,19,37
2304,19,38
2305,19,39
2306,19,40
2307,19,41
2308,19,42
2309,19,43
2310,19,44
2311,19,45
2312,19,46
2313,19,47
2314,19,48
2315,19,49
2316,19,50
2317,19,51
2318,19,52
2319,19,53
2320,19,54
2321,19,55
2322,19,56
2323,19,57
2324,19,58
2325,19,59
2326,19,60
2327,19,61
2328,19,62
2329,19,63
2330,19,64
2331,19,65
2332,19,66
2333,19,67
2334,19,68
2335,19,69
2336,19,70
2337,19,71
2338,19,72
2339,19,73
2340,19,74
2341,19,75
2342,19,76
2343,19,77
2344,19,78
2345,19,79
2346,19,80
2347,19,81
2348,19,82
2349,19,83
2350,19,84
2351,19,85
2352,19,86
2353,19,87
2354,19,88
2355,19,89
2356,19,90
2357,19,91
2358,19,92
2359,19,93
2360,19,94
2361,19,95
2362,19,96
2363,19,97
2364,19,98
2365,19,99
2366,20,1
2367,20,2
2368,20,3
2369,20,4
2370,20,5
2371,20,6
2372,20,7
2373,20,8
2374,20,9
2375,20,10
2376,20,11
2377,20,12
2378,20,13
2379,20,14
2380,20,15
2381,20,16
2382,20,17
2383,20,18
2384,20,19
2385,20,20
2386,20,21
2387,20,22
2388,20,23
2389,20,24
2390,20,25
2391,20,26
2392,20,27
2393,20,28
2394,20,29
2395,20,30
2396,20,31
2397,20,32
2398,20,33
2399,20,34
2400,20,35
2401,20,36
2402,20,37
2403,20,38
2404,20,39
2405,20,40
2406,20,41
2407,20,42
2408,20,43
2409,20,44
2410,20,45
2411,20,46
2412,20,47
2413,20,48
2414,20,49
2415,20,50
2416,20,51
2417,20,52
2418,20,53
2419,20,54
2420,20,55
2421,20,56
2422,20,57
2423,20,58
2424,20,59
2425,20,60
2426,20,61
2427,20,62
2428,20,63
2429,20,64
2430,20,65
2431,20,66
2432,20,67
2433,20,68
2434,20,69
2435,20,70
2436,20,71
2437,20,72
2438,20,73
2439,20,74
2440,20,75
2441,20,76
2442,20,77
2443,20,78
2444,20,79
2445,20,80
2446,20,81
2447,20,82
2448,20,83
2449,20,84
2450,20,85
2451,20,86
2452,20,87
2453,20,88
2454,20,89
2455,20,90
2456,20,91
2457,20,92
2458,20,93
2459,20,94
2460,20,95
2461,20,96
2462,20,97
2463,20,98
2464,20,99
2465,20,100
2466,20,101
2467,20,102
2468,20,103
2469,20,104
2470,20,105
2471,20,106
2472,20,107
2473,20,108
2474,20,109
2475,20,110
2476,20,111
2477,20,112
2478,20,113
2479,20,114
2480,20,115
2481,20,116
2482,20,117
2483,20,118
2484,20,119
2485,20,120
2486,20,121
2487,20,122
2488,20,123
2489,20,124
2490,20,125
2491,20,126
2492,20,127
2493,20,128
2494,20,129
2495,20,130
2496,20,131
2497,20,132
2498,20,133
2499,20,134
2500,20,135
2501,20,136
2502,21,1
2503,21,2
2504,21,3
2505,21,4
2506,21,5
2507,21,6
2508,21,7
2509,21,8
2510,21,9
2511,21,10
2512,21,11
2513,21,12
2514,21,13
2515,21,14
2516,21,15
2517,21,16
2518,21,17
2519,21,18
2520,21,19
2521,21,20
2522,21,21
2523,21,22
2524,21,23
2525,21,24
2526,21,25
2527,21,26
2528,21,27
2529,21,28
2530,21,29
2531,21,30
2532,21,31
2533,21,32
2534,21,33
2535,21,34
2536,21,35
2537,21,36
2538,21,37
2539,21,38
2540,21,39
2541,21,40
2542,21,41
2543,21,42
2544,21,43
2545,21,44
2546,21,45
2547,21,46
2548,21,47
2549,21,48
2550,21,49
2551,21,50
2552,21,51
2553,21,52
2554,21,53
2555,21,54
2556,21,55
2557,21,56
2558,21,57
2559,21,58
2560,21,59
2561,21,60
2562,21,61
2563,21,62
2564,21,63
2565,21,64
2566,21,65
2567,21,66
2568,21,67
2569,21,68
2570,21,69
2571,21,70
2572,21,71
2573,21,72
2574,21,73
2575,21,74
2576,21,75
2577,21,76
2578,21,77
2579,21,78
2580,21,79
2581,21,80
2582,21,81
2583,21,82
2584,21,83
2585,21,84
2586,21,85
2587,21,86
2588,21,87
2589,21,88
2590,21,89
2591,21,90
2592,21,91
2593,21,92
2594,21,93
2595,21,94
2596,21,95
2597,21,96
2598,21,97
2599,21,98
2600,21,99
2601,21,100
2602,21,101
2603,21,102
2604,21,103
2605,21,104
2606,21,105
2607,21,106
2608,21,107
2609,21,108
2610,21,109
2611,21,110
2612,21,111
2613,21,112
2614,21,113
2615,22,1
2616,22,2
2617,22,3
2618,22,4
2619,22,5
2620,22,6
2621,22,7
2622,22,8
2623,22,9
2624,22,10
2625,22,11
2626,22,12
2627,22,13
2628,22,14
2629,22,15
2630,22,16
2631,22,17
2632,22,18
2633,22,19
2634,22,20
2635,22,21
2636,22,22
2637,22,23
2638,22,24
2639,22,25
2640,22,26
2641,22,27
2642,22,28
2643,22,29
2644,22,30
2645,22,31
2646,22,32
2647,22,33
2648,22,34
2649,22,35
2650,22,36
2651,22,37
2652,22,38
2653,22,39
2654,22,40
2655,22,41
2656,22,42
2657,22,43
2658,22,44
2659,22,45
2660,22,46
2661,22,47
2662,22,48
2663,22,49
2664,22,50
2665,22,51
2666,22,52
2667,22,53
2668,22,54
2669,22,55
2670,22,56
2671,22,57
2672,22,58
2673,22,59
2674,22,60
2675,22,61
2676,22,62
2677,22,63
2678,22,64
2679,22,65
2680,22,66
2681,22,67
2682,22,68
2683,22,69
2684,22,70
2685,22,71
2686,22,72
2687,22,73
2688,22,74
2689,22,75
2690,22,76
2691,22,77
2692,22,78
2693,22,79
2694,23,1
2695,23,2
2696,23,3
2697,23,4
2698,23,5
2699,23,6
2700,23,7
2701,23,8
2702,23,9
2703,23,10
2704,23,11
2705,23,12
2706,23,13
2707,23,14
2708,23,15
2709,23,16
2710,23,17
2711,23,18
2712,23,19
2713,23,20
2714,23,21
2715,23,22
2716,23,23
2717,23,24
2718,23,25
2719,23,26
2720,23,27
2721,23,28
2722,23,29
2723,23,30
2724,23,31
2725,23,32
2726,23,33
2727,23,34
2728,23,35
2729,23,36
2730,23,37
2731,23,38
2732,23,39
2733,23,40
2734,23,41
2735,23,42
2736,23,43
2737,23,44
2738,23,45
2739,23,46
2740,23,47
2741,23,48
2742,23,49
2743,23,50
2744,23,51
2745,23,52
2746,23,53
2747,23,54
2748,23,55
2749,23,56
2750,23,57
2751,23,58
2752,23,59
2753,23,60
2754,23,61
2755,23,62
2756,23,63
2757,23,64
2758,23,65
2759,23,66
2760,23,67
2761,23,68
2762,23,69
2763,23,70
2764,23,71
2765,23,72
2766,23,73
2767,23,74
2768,23,75
2769,23,76
2770,23,77
2771,23,78
2772,23,79
2773,23,80
2774,23,81
2775,23,82
2776,23,83
2777,23,84
2778,23,85
2779,23,86
2780,23,87
2781,23,88
2782,23,89
2783,23,90
2784,23,91
2785,23,92
2786,23,93
2787,23,94
2788,23,95
2789,23,96
2790,23,97
2791,23,98
2792,23,99
2793,23,100
2794,23,101
2795,23,102
2796,23,103
2797,23,104
2798,23,105
2799,23,106
2800,23,107
2801,23,108
2802,23,109
2803,23,110
2804,23,111
2805,23,112
2806,23,113
2807,23,114
2808,23,115
2809,23,116
2810,23,117
2811,23,118
2812,23,119
2813,24,1
2814,24,2
2815,24,3
2816,24,4
2817,24,5
2818,24,6
2819,24,7
2820,24,8
2821,24,9
2822,24,10
2823,24,11
2824,24,12
2825,24,13
2826,24,14
2827,24,15
2828,24,16
2829,24,17
2830,24,18
2831,24,19
2832,24,20
2833,24,21
2834,24,22
2835,24,23
2836,24,24
2837,24,25
2838,24,26
2839,24,27
2840,24,28
2841,24,29
2842,24,30
2843,24,31
2844,24,32
2845,24,33
2846,24,34
2847,24,35
2848,24,36
2849,24,37
2850,24,38
2851,24,39
2852,24,40
2853,24,41
2854,24,42
2855,24,43
2856,24,44
2857,24,45
2858,24,46
2859,24,47
2860,24,48
2861,24,49
2862,24,50
2863,24,51
2864,24,52
2865,24,53
2866,24,54
2867,24,55
2868,24,56
2869,24,57
2870,24,58
2871,24,59
2872,24,60
2873,24,61
2874,24,62
2875,24,63
2876,24,64
2877,24,65
2878,25,1
2879,25,2
2880,25,3
2881,25,4
2882,25,5
2883,25,6
2884,25,7
2885,25,8
2886,25,9
2887,25,10
2888,25,11
2889,25,12
2890,25,13
2891,25,14
2892,25,15
2893,25,16
2894,25,17
2895,25,18
2896,25,19
2897,25,20
2898,25,21
2899,25,22
2900,25,23
2901,25,24
2902,25,25
2903,25,26
2904,25,27
2905,25,28
2906,25,29
2907,25,30
2908,25,31
2909,25,32
2910,25,33
2911,25,34
2912,25,35
2913,25,36
2914,25,37
2915,25,38
2916,25,39
2917,25,40
2918,25,41
2919,25,42
2920,25,43
2921,25,44
2922,25,45
2923,25,46
2924,25,47
2925,25,48
2926,25,49
2927,25,50
2928,25,51
2929,25,52
2930,25,53
2931,25,54
2932,25,55
2933,25,56
2934,25,57
2935,25,58
2936,25,59
2937,25,60
2938,25,61
2939,25,62
2940,25,63
2941,25,64
2942,25,65
2943,25,66
2944,25,67
2945,25,68
2946,25,69
2947,25,70
2948,25,71
2949,25,72
2950,25,73
2951,25,74
2952,25,75
2953,25,76
2954,25,77
2955,25,78
2956,26,1
2957,26,2
2958,26,3
2959,26,4
2960,26,5
2961,26,6
2962,26,7
2963,26,8
2964,26,9
2965,26,10
2966,26,11
2967,26,12
2968,26,13
2969,26,14
2970,26,15
2971,26,16
2972,26,17
2973,26,18
2974,26,19
2975,26,20
2976,26,21
2977,26,22
2978,26,23
2979,26,24
2980,26,25
2981,26,26
2982,26,27
2983,26,28
2984,26,29
2985,26,30
2986,26,31
2987,26,32
2988,26,33
2989,26,34
2990,26,35
2991,26,36
2992,26,37
2993,26,38
2994,26,39
2995,26,40
2996,26,41
2997,26,42
2998,26,43
2999,26,44
3000,26,45
3001,26,46
3002,26,47
3003,26,48
3004,26,49
3005,26,50
3006,26,51
3007,26,52
3008,26,53
3009,26,54
3010,26,55
3011,26,56
3012,26,57
3013,26,58
3014,26,59
3015,26,60
3016,26,61
3017,26,62
3018,26,63
3019,26,64
3020,26,65
3021,26,66
3022,26,67
3023,26,68
3024,26,69
3025,26,70
3026,26,71
3027,26,72
3028,26,73
3029,26,74
3030,26,75
3031,26,76
3032,26,77
3033,26,78
3034,26,79
3035,26,80
3036,26,81
3037,26,82
3038,26,83
3039,26,84
3040,26,85
3041,26,86
3042,26,87
3043,26,88
3044,26,89
3045,26,90
3046,26,91
3047,26,92
3048,26,93
3049,26,94
3050,26,95
3051,26,96
3052,26,97
3053,26,98
3054,26,99
3055,26,100
3056,26,101
3057,26,102
3058,26,103
3059,26,104
3060,26,105
3061,26,106
3062,26,107
3063,26,108
3064,26,109
3065,26,110
3066,26,111
3067,26,112
3068,26,113
3069,26,114
3070,26,115
3071,26,116
3072,26,117
3073,26,118
3074,26,119
3075,26,120
3076,26,121
3077,26,122
3078,26,123
3079,26,124
3080,26,125
3081,26,126
3082,26,127
3083,26,128
3084,26,129
3085,26,130
3086,26,131
3087,26,132
3088,26,133
3089,26,134
3090,26,135
3091,26,136
3092,26,137
3093,26,138
3094,26,139
3095,26,140
3096,26,141
3097,26,142
3098,26,143
3099,26,144
3100,26,145
3101,26,146
3102,26,147
3103,26,148
3104,26,149
3105,26,150
3106,26,151
3107,26,152
3108,26,153
3109,26,154
3110,26,155
3111,26,156
3112,26,157
3113,26,158
3114,26,159
3115,26,160
3116,26,161
3117,26,162
3118,26,163
3119,26,164
3120,26,165
3121,26,166
3122,26,167
3123,26,168
3124,26,169
3125,26,170
3126,26,171
3127,26,172
3128,26,173
3129,26,174
3130,26,175
3131,26,176
3132,26,177
3133,26,178
3134,26,179
3135,26,180
3136,26,181
3137,26,182
3138,26,183
3139,26,184
3140,26,185
3141,26,186
3142,26,187
3143,26,188
3144,26,189
3145,26,190
3146,26,191
3147,26,192
3148,26,193
3149,26,194
3150,26,195
3151,26,196
3152,26,197
3153,26,198
3154,26,199
3155,26,200
3156,26,201
3157,26,202
3158,26,203
3159,26,204
3160,26,205
3161,26,206
3162,26,207
3163,26,208
3164,26,209
3165,26,210
3166,26,211
3167,26,212
3168,26,213
3169,26,214
3170,26,215
3171,26,216
3172,26,217
3173,26,218
3174,26,219
3175,26,220
3176,26,221
3177,26,222
3178,26,223
3179,26,224
3180,26,225
3181,26,226
3182,26,227
3183,26,228
3184,27,1
3185,27,2
3186,27,3
3187,27,4
3188,27,5
3189,27,6
3190,27,7
3191,27,8
3192,27,9
3193,27,10
3194,27,11
3195,27,12
3196,27,13
3197,27,14
3198,27,15
3199,27,16
3200,27,17
3201,27,18
3202,27,19
3203,27,20
3204,27,21
3205,27,22
3206,27,23
3207,27,24
3208,27,25
3209,27,26
3210,27,27
3211,27,28
3212,27,29
3213,27,30
3214,27,31
3215,27,32
3216,27,33
3217,27,34
3218,27,35
3219,27,36
3220,27,37
3221,27,38
3222,27,39
3223,27,40
3224,27,41
3225,27,42
3226,27,43
3227,27,44
3228,27,45
3229,27,46
3230,27,47
3231,27,48
3232,27,49
3233,27,50
3234,27,51
3235,27,52
3236,27,53
3237,27,54
3238,27,55
3239,27,56
3240,27,57
3241,27,58
3242,27,59
3243,27,60
3244,27,61
3245,27,62
3246,27,63
3247,27,64
3248,27,65
3249,27,66
3250,27,67
3251,27,68
3252,27,69
3253,27,70
3254,27,71
3255,27,72
3256,27,73
3257,27,74
3258,27,75
3259,27,76
3260,27,77
3261,27,78
3262,27,79
3263,27,80
3264,27,81
3265,27,82
3266,27,83
3267,27,84
3268,27,85
3269,27,86
3270,27,87
3271,27,88
3272,27,89
3273,27,90
3274,27,91
3275,27,92
3276,27,93
3277,27,94
3278,28,1
3279,28,2
3280,28,3
3281,28,4
3282,28,5
3283,28,6
3284,28,7
3285,28,8
3286,28,9
3287,28,10
3288,28,11
3289,28,12
3290,28,13
3291,28,14
3292,28,15
3293,28,16
3294,28,17
3295,28,18
3296,28,19
3297,28,20
3298,28,21
3299,28,22
3300,28,23
3301,28,24
3302,28,25
3303,28,26
3304,28,27
3305,28,28
3306,28,29
3307,28,30
3308,28,31
3309,28,32
3310,28,33
3311,28,34
3312,28,35
3313,28,36
3314,28,37
3315,28,38
3316,28,39
3317,28,40
3318,28,41
3319,28,42
3320,28,43
3321,28,44
3322,28,45
3323,28,46
3324,28,47
3325,28,48
3326,28,49
3327,28,50
3328,28,51
3329,28,52
3330,28,53
3331,28,54
3332,28,55
3333,28,56
3334,28,57
3335,28,58
3336,28,59
3337,28,60
3338,28,61
3339,28,62
3340,28,63
3341,28,64
3342,28,65
3343,28,66
3344,28,67
3345,28,68
3346,28,69
3347,28,70
3348,28,71
3349,28,72
3350,28,73
3351,28,74
3352,28,75
3353,28,76
3354,28,77
3355,28,78
3356,28,79
3357,28,80
3358,28,81
3359,28,82
3360,28,83
3361,28,84
3362,28,85
3363,28,86
3364,28,87
3365,28,88
3366,28,89
3367,29,1
3368,29,2
3369,29,3
3370,29,4
3371,29,5
3372,29,6
3373,29,7
3374,29,8
3375,29,9
3376,29,10
3377,29,11
3378,29,12
3379,29,13
3380,29,14
3381,29,15
3382,29,16
3383,29,17
3384,29,18
3385,29,19
3386,29,20
3387,29,21
3388,29,22
3389,29,23
3390,29,24
3391,29,25
3392,29,26
3393,29,27
3394,29,28
3395,29,29
3396,29,30
3397,29,31
3398,29,32
3399,29,33
3400,29,34
3401,29,35
3402,29,36
3403,29,37
3404,29,38
3405,29,39
3406,29,40
3407,29,41
3408,29,42
3409,29,43
3410,29,44
3411,29,45
3412,29,46
3413,29,47
3414,29,48
3415,29,49
3416,29,50
3417,29,51
3418,29,52
3419,29,53
3420,29,54
3421,29,55
3422,29,56
3423,29,57
3424,29,58
3425,29,59
3426,29,60
3427,29,61
3428,29,62
3429,29,63
3430,29,64
3431,29,65
3432,29,66
3433,29,67
3434,29,68
3435,29,69
3436,29,70
3437,30,1
3438,30,2
3439,30,3
3440,30,4
3441,30,5
3442,30,6
3443,30,7
3444,30,8
3445,30,9
3446,30,10
3447,30,11
3448,30,12
3449,30,13
3450,30,14
3451,30,15
3452,30,16
3453,30,17
3454,30,18
3455,30,19
3456,30,20
3457,30,21
3458,30,22
3459,30,23
3460,30,24
3461,30,25
3462,30,26
3463,30,27
3464,30,28
3465,30,29
3466,30,30
3467,30,31
3468,30,32
3469,30,33
3470,30,34
3471,30,35
3472,30,36
3473,30,37
3474,30,38
3475,30,39
3476,30,40
3477,30,41
3478,30,42
3479,30,43
3480,30,44
3481,30,45
3482,30,46
3483,30,47
3484,30,48
3485,30,49
3486,30,50
3487,30,51
3488,30,52
3489,30,53
3490,30,54
3491,30,55
3492,30,56
3493,30,57
3494,30,58
3495,30,59
3496,30,60
3497,30,61
3498,31,1
3499,31,2
3500,31,3
3501,31,4
3502,31,5
3503,31,6
3504,31,7
3505,31,8
3506,31,9
3507,31,10
3508,31,11
3509,31,12
3510,31,13
3511,31,14
3512,31,15
3513,31,16
3514,31,17
3515,31,18
3516,31,19
3517,31,20
3518,31,21
3519,31,22
3520,31,23
3521,31,24
3522,31,25
3523,31,26
3524,31,27
3525,31,28
3526,31,29
3527,31,30
3528,31,31
3529,31,32
3530,31,33
3531,31,34
3532,31,35
3533,32,1
3534,32,2
3535,32,3
3536,32,4
3537,32,5
3538,32,6
3539,32,7
3540,32,8
3541,32,9
3542,32,10
3543,32,11
3544,32,12
3545,32,13
3546,32,14
3547,32,15
3548,32,16
3549,32,17
3550,32,18
3551,32,19
3552,32,20
3553,32,21
3554,32,22
3555,32,23
3556,32,24
3557,32,25
3558,32,26
3559,32,27
3560,32,28
3561,32,29
3562,32,30
3563,32,31
3564,33,1
3565,33,2
3566,33,3
3567,33,4
3568,33,5
3569,33,6
3570,33,7
3571,33,8
3572,33,9
3573,33,10
3574,33,11
3575,33,12
3576,33,13
3577,33,14
3578,33,15
3579,33,16
3580,33,17
3581,33,18
3582,33,19
3583,33,20
3584,33,21
3585,33,22
3586,33,23
3587,33,24
3588,33,25
3589,33,26
3590,33,27
3591,33,28
3592,33,29
3593,33,30
3594,33,31
3595,33,32
3596,33,33
3597,33,34
3598,33,35
3599,33,36
3600,33,37
3601,33,38
3602,33,39
3603,33,40
3604,33,41
3605,33,42
3606,33,43
3607,33,44
3608,33,45
3609,33,46
3610,33,47
3611,33,48
3612,33,49
3613,33,50
3614,33,51
3615,33,52
3616,33,53
3617,33,54
3618,33,55
3619,33,56
3620,33,57
3621,33,58
3622,33,59
3623,33,60
3624,33,61
3625,33,62
3626,33,63
3627,33,64
3628,33,65
3629,33,66
3630,33,67
3631,33,68
3632,33,69
3633,33,70
3634,33,71
3635,33,72
3636,33,73
3637,33,74
3638,34,1
3639,34,2
3640,34,3
3641,34,4
3642,34,5
3643,34,6
3644,34,7
3645,34,8
3646,34,9
3647,34,10
3648,34,11
3649,34,12
3650,34,13
3651,34,14
3652,34,15
3653,34,16
3654,34,17
3655,34,18
3656,34,19
3657,34,20
3658,34,21
3659,34,22
3660,34,23
3661,34,24
3662,34,25
3663,34,26
3664,34,27
3665,34,28
3666,34,29
3667,34,30
3668,34,31
3669,34,32
3670,34,33
3671,34,34
3672,34,35
3673,34,36
3674,34,37
3675,34,38
3676,34,39
3677,34,40
3678,34,41
3679,34,42
3680,34,43
3681,34,44
3682,34,45
3683,34,46
3684,34,47
3685,34,48
3686,34,49
3687,34,50
3688,34,51
3689,34,52
3690,34,53
3691,34,54
3692,34,55
3693,35,1
3694,35,2
3695,35,3
3696,35,4
3697,35,5
3698,35,6
3699,35,7
3700,35,8
3701,35,9
3702,35,10
3703,35,11
3704,35,12
3705,35,13
3706,35,14
3707,35,15
3708,35,16
3709,35,17
3710,35,18
3711,35,19
3712,35,20
3713,35,21
3714,35,22
3715,35,23
3716,35,24
3717,35,25
3718,35,26
3719,35,27
3720,35,28
3721,35,29
3722,35,30
3723,35,31
3724,35,32
3725,35,33
3726,35,34
3727,35,35
3728,35,36
3729,35,37
3730,35,38
3731,35,39
3732,35,40
3733,35,41
3734,35,42
3735,35,43
3736,35,44
3737,35,45
3738,35,46
3739,36,1
3740,36,2
3741,36,3
3742,36,4
3743,36,5
3744,36,6
3745,36,7
3746,36,8
3747,36,9
3748,36,10
3749,36,11
3750,36,12
3751,36,13
3752,36,14
3753,36,15
3754,36,16
3755,36,17
3756,36,18
3757,36,19
3758,36,20
3759,36,21
3760,36,22
3761,36,23
3762,36,24
3763,36,25
3764,36,26
3765,36,27
3766,36,28
3767,36,29
3768,36,30
3769,36,31
3770,36,32
3771,36,33
3772,36,34
3773,36,35
3774,36,36
3775,36,37
3776,36,38
3777,36,39
3778,36,40
3779,36,41
3780,36,42
3781,36,43
3782,36,44
3783,36,45
3784,36,46
3785,36,47
3786,36,48
3787,36,49
3788,36,50
3789,36,51
3790,36,52
3791,36,53
3792,36,54
3793,36,55
3794,36,56
3795,36,57
3796,36,58
3797,36,59
3798,36,60
3799,36,61
3800,36,62
3801,36,63
3802,36,64
3803,36,65
3804,36,66
3805,36,67
3806,36,68
3807,36,69
3808,36,70
3809,36,71
3810,36,72
3811,36,73
3812,36,74
3813,36,75
3814,36,76
3815,36,77
3816,36,78
3817,36,79
3818,36,80
3819,36,81
3820,36,82
3821,36,83
3822,36,84
3823,37,1
3824,37,2
3825,37,3
3826,37,4
3827,37,5
3828,37,6
3829,37,7
3830,37,8
3831,37,9
3832,37,10
3833,37,11
3834,37,12
3835,37,13
3836,37,14
3837,37,15
3838,37,16
3839,37,17
3840,37,18
3841,37,19
3842,37,20
3843,37,21
3844,37,22
3845,37,23
3846,37,24
3847,37,25
3848,37,26
3849,37,27
3850,37,28
3851,37,29
3852,37,30
3853,37,31
3854,37,32
3855,37,33
3856,37,34
3857,37,35
3858,37,36
3859,37,37
3860,37,38
3861,37,39
3862,37,40
3863,37,41
3864,37,42
3865,37,43
3866,37,44
3867,37,45
3868,37,46
3869,37,47
3870,37,48
3871,37,49
3872,37,50
3873,37,51
3874,37,52
3875,37,53
3876,37,54
3877,37,55
3878,37,56
3879,37,57
3880,37,58
3881,37,59
3882,37,60
3883,37,61
3884,37,62
3885,37,63
3886,37,64
3887,37,65
3888,37,66
3889,37,67
3890,37,68
3891,37,69
3892,37,70
3893,37,71
3894,37,72
3895,37,73
3896,37,74
3897,37,75
3898,37,76
3899,37,77
3900,37,78
3901,37,79
3902,37,80
3903,37,81
3904,37,82
3905,37,83
3906,37,84
3907,37,85
3908,37,86
3909,37,87
3910,37,88
3911,37,89
3912,37,90
3913,37,91
3914,37,92
3915,37,93
3916,37,94
3917,37,95
3918,37,96
3919,37,97
3920,37,98
3921,37,99
3922,37,100
3923,37,101
3924,37,102
3925,37,103
3926,37,104
3927,37,105
3928,37,106
3929,37,107
3930,37,108
3931,37,109
3932,37,110
3933,37,111
3934,37,112
3935,37,113
3936,37,114
3937,37,115
3938,37,116
3939,37,117
3940,37,118
3941,37,119
3942,37,120
3943,37,121
3944,37,122
3945,37,123
3946,37,124
3947,37,125
3948,37,126
3949,37,127
3950,37,128
3951,37,129
3952,37,130
3953,37,131
3954,37,132
3955,37,133
3956,37,134
3957,37,135
3958,37,136
3959,37,137
3960,37,138
3961,37,139
3962,37,140
3963,37,141
3964,37,142
3965,37,143
3966,37,144
3967,37,145
3968,37,146
3969,37,147
3970,37,148
3971,37,149
3972,37,150
3973,37,151
3974,37,152
3975,37,153
3976,37,154
3977,37,155
3978,37,156
3979,37,157
3980,37,158
3981,37,159
3982,37,160
3983,37,161
3984,37,162
3985,37,163
3986,37,164
3987,37,165
3988,37,166
3989,37,167
3990,37,168
3991,37,169
3992,37,170
3993,37,171
3994,37,172
3995,37,173
3996,37,174
3997,37,175
3998,37,176
3999,37,177
4000,37,178
4001,37,179
4002,37,180
4003,37,181
4004,37,182
4005,37,183
4006,38,1
4007,38,2
4008,38,3
4009,38,4
4010,38,5
4011,38,6
4012,38,7
4013,38,8
4014,38,9
4015,38,10
4016,38,11
4017,38,12
4018,38,13
4019,38,14
4020,38,15
4021,38,16
4022,38,17
4023,38,18
4024,38,19
4025,38,20
4026,38,21
4027,38,22
4028,38,23
4029,38,24
4030,38,25
4031,38,26
4032,38,27
4033,38,28
4034,38,29
4035,38,30
4036,38,31
4037,38,32
4038,38,33
4039,38,34
4040,38,35
4041,38,36
4042,38,37
4043,38,38
4044,38,39
4045,38,40
4046,38,41
4047,38,42
4048,38,43
4049,38,44
4050,38,45
4051,38,46
4052,38,47
4053,38,48
4054,38,49
4055,38,50
4056,38,51
4057,38,52
4058,38,53
4059,38,54
4060,38,55
4061,38,56
4062,38,57
4063,38,58
4064,38,59
4065,38,60
4066,38,61
4067,38,62
4068,38,63
4069,38,64
4070,38,65
4071,38,66
4072,38,67
4073,38,68
4074,38,69
4075,38,70
4076,38,71
4077,38,72
4078,38,73
4079,38,74
4080,38,75
4081,38,76
4082,38,77
4083,38,78
4084,38,79
4085,38,80
4086,38,81
4087,38,82
4088,38,83
4089,38,84
4090,38,85
4091,38,86
4092,38,87
4093,38,88
4094,38,89
4095,39,1
4096,39,2
4097,39,3
4098,39,4
4099,39,5
4100,39,6
4101,39,7
4102,39,8
4103,39,9
4104,39,10
4105,39,11
4106,39,12
4107,39,13
4108,39,14
4109,39,15
4110,39,16
4111,39,17
4112,39,18
4113,39,19
4114,39,20
4115,39,21
4116,39,22
4117,39,23
4118,39,24
4119,39,25
4120,39,26
4121,39,27
4122,39,28
4123,39,29
4124,39,30
4125,39,31
4126,39,32
4127,39,33
4128,39,34
4129,39,35
4130,39,36
4131,39,37
4132,39,38
4133,39,39
4134,39,40
4135,39,41
4136,39,42
4137,39,43
4138,39,44
4139,39,45
4140,39,46
4141,39,47
4142,39,48
4143,39,49
4144,39,50
4145,39,51
4146,39,52
4147,39,53
4148,39,54
4149,39,55
4150,39,56
4151,39,57
4152,39,58
4153,39,59
4154,39,60
4155,39,61
4156,39,62
4157,39,63
4158,39,64
4159,39,65
4160,39,66
4161,39,67
4162,39,68
4163,39,69
4164,39,70
4165,39,71
4166,39,72
4167,39,73
4168,39,74
4169,39,75
4170,39,76
4171,40,1
4172,40,2
4173,40,3
4174,40,4
4175,40,5
4176,40,6
4177,40,7
4178,40,8
4179,40,9
4180,40,10
4181,40,11
4182,40,12
4183,40,13
4184,40,14
4185,40,15
4186,40,16
4187,40,17
4188,40,18
4189,40,19
4190,40,20
4191,40,21
4192,40,22
4193,40,23
4194,40,24
4195,40,25
4196,40,26
4197,40,27
4198,40,28
4199,40,29
4200,40,30
4201,40,31
4202,40,32
4203,40,33
4204,40,34
4205,40,35
4206,40,36
4207,40,37
4208,40,38
4209,40,39
4210,40,40
4211,40,41
4212,40,42
4213,40,43
4214,40,44
4215,40,45
4216,40,46
4217,40,47
4218,40,48
4219,40,49
4220,40,50
4221,40,51
4222,40,52
4223,40,53
4224,40,54
4225,40,55
4226,40,56
4227,40,57
4228,40,58
4229,40,59
4230,40,60
4231,40,61
4232,40,62
4233,40,63
4234,40,64
4235,40,65
4236,40,66
4237,40,67
4238,40,68
4239,40,69
4240,40,70
4241,40,71
4242,40,72
4243,40,73
4244,40,74
4245,40,75
4246,40,76
4247,40,77
4248,40,78
4249,40,79
4250,40,80
4251,40,81
4252,40,82
4253,40,83
4254,40,84
4255,40,85
4256,40,86
4257,41,1
4258,41,2
4259,41,3
4260,41,4
4261,41,5
4262,41,6
4263,41,7
4264,41,8
4265,41,9
4266,41,10
4267,41,11
4268,41,12
4269,41,13
4270,41,14
4271,41,15
4272,41,16
4273,41,17
4274,41,18
4275,41,19
4276,41,20
4277,41,21
4278,41,22
4279,41,23
4280,41,24
4281,41,25
4282,41,26
4283,41,27
4284,41,28
4285,41,29
4286,41,30
4287,41,31
4288,41,32
4289,41,33
4290,41,34
4291,41,35
4292,41,36
4293,41,37
4294,41,38
4295,41,39
4296,41,40
4297,41,41
4298,41,42
4299,41,43
4300,41,44
4301,41,45
4302,41,46
4303,41,47
4304,41,48
4305,41,49
4306,41,50
4307,41,51
4308,41,52
4309,41,53
4310,41,54
4311,41,55
4312,42,1
4313,42,2
4314,42,3
4315,42,4
4316,42,5
4317,42,6
4318,42,7
4319,42,8
4320,42,9
4321,42,10
4322,42,11
4323,42,12
4324,42,13
4325,42,14
4326,42,15
4327,42,16
4328,42,17
4329,42,18
4330,42,19
4331,42,20
4332,42,21
4333,42,22
4334,42,23
4335,42,24
4336,42,25
4337,42,26
4338,42,27
4339,42,28
4340,42,29
4341,42,30
4342,42,31
4343,42,32
4344,42,33
4345,42,34
4346,42,35
4347,42,36
4348,42,37
4349,42,38
4350,42,39
4351,42,40
4352,42,41
4353,42,42
4354,42,43
4355,42,44
4356,42,45
4357,42,46
4358,42,47
4359,42,48
4360,42,49
4361,42,50
4362,42,51
4363,42,52
4364,42,53
4365,42,54
4366,43,1
4367,43,2
4368,43,3
4369,43,4
4370,43,5
4371,43,6
4372,43,7
4373,43,8
4374,43,9
4375,43,10
4376,43,11
4377,43,12
4378,43,13
4379,43,14
4380,43,15
4381,43,16
4382,43,17
4383,43,18
4384,43,19
4385,43,20
4386,43,21
4387,43,22
4388,43,23
4389,43,24
4390,43,25
4391,43,26
4392,43,27
4393,43,28
4394,43,29
4395,43,30
4396,43,31
4397,43,32
4398,43,33
4399,43,34
4400,43,35
4401,43,36
4402,43,37
4403,43,38
4404,43,39
4405,43,40
4406,43,41
4407,43,42
4408,43,43
4409,43,44
4410,43,45
4411,43,46
4412,43,47
4413,43,48
4414,43,49
4415,43,50
4416,43,51
4417,43,52
4418,43,53
4419,43,54
4420,43,55
4421,43,56
4422,43,57
4423,43,58
4424,43,59
4425,43,60
4426,43,61
4427,43,62
4428,43,63
4429,43,64
4430,43,65
4431,43,66
4432,43,67
4433,43,68
4434,43,69
4435,43,70
4436,43,71
4437,43,72
4438,43,73
4439,43,74
4440,43,75
4441,43,76
4442,43,77
4443,43,78
4444,43,79
4445,43,80
4446,43,81
4447,43,82
4448,43,83
4449,43,84
4450,43,85
4451,43,86
4452,43,87
4453,43,88
4454,43,89
4455,43,90
4456,44,1
4457,44,2
4458,44,3
4459,44,4
4460,44,5
4461,44,6
4462,44,7
4463,44,8
4464,44,9
4465,44,10
4466,44,11
4467,44,12
4468,44,13
4469,44,14
4470,44,15
4471,44,16
4472,44,17
4473,44,18
4474,44,19
4475,44,20
4476,44,21
4477,44,22
4478,44,23
4479,44,24
4480,44,25
4481,44,26
4482,44,27
4483,44,28
4484,44,29
4485,44,30
4486,44,31
4487,44,32
4488,44,33
4489,44,34
4490,44,35
4491,44,36
4492,44,37
4493,44,38
4494,44,39
4495,44,40
4496,44,41
4497,44,42
4498,44,43
4499,44,44
4500,44,45
4501,44,46
4502,44,47
4503,44,48
4504,44,49
4505,44,50
4506,44,51
4507,44,52
4508,44,53
4509,44,54
4510,44,55
4511,44,56
4512,44,57
4513,44,58
4514,44,59
4515,44,60
4516,45,1
4517,45,2
4518,45,3
4519,45,4
4520,45,5
4521,45,6
4522,45,7
4523,45,8
4524,45,9
4525,45,10
4526,45,11
4527,45,12
4528,45,13
4529,45,14
4530,45,15
4531,45,16
4532,45,17
4533,45,18
4534,45,19
4535,45,20
4536,45,21
4537,45,22
4538,45,23
4539,45,24
4540,45,25
4541,45,26
4542,45,27
4543,45,28
4544,45,29
4545,45,30
4546,45,31
4547,45,32
4548,45,33
4549,45,34
4550,45,35
4551,45,36
4552,45,37
4553,45,38
4554,46,1
4555,46,2
4556,46,3
4557,46,4
4558,46,5
4559,46,6
4560,46,7
4561,46,8
4562,46,9
4563,46,10
4564,46,11
4565,46,12
4566,46,13
4567,46,14
4568,46,15
4569,46,16
4570,46,17
4571,46,18
4572,46,19
4573,46,20
4574,46,21
4575,46,22
4576,46,23
4577,46,24
4578,46,25
4579,46,26
4580,46,27
4581,46,28
4582,46,29
4583,46,30
4584,46,31
4585,46,32
4586,46,33
4587,46,34
4588,46,35
4589,46,36
4590,47,1
4591,47,2
4592,47,3
4593,47,4
4594,47,5
4595,47,6
4596,47,7
4597,47,8
4598,47,9
4599,47,10
4600,47,11
4601,47,12
4602,47,13
4603,47,14
4604,47,15
4605,47,16
4606,47,17
4607,47,18
4608,47,19
4609,47,20
4610,47,21
4611,47,22
4612,47,23
4613,47,24
4614,47,25
4615,47,26
4616,47,27
4617,47,28
4618,47,29
4619,47,30
4620,47,31
4621,47,32
4622,47,33
4623,47,34
4624,47,35
4625,47,36
4626,47,37
4627,47,38
4628,47,39
4629,48,1
4630,48,2
4631,48,3
4632,48,4
4633,48,5
4634,48,6
4635,48,7
4636,48,8
4637,48,9
4638,48,10
4639,48,12
4640,48,12
4641,48,13
4642,48,14
4643,48,15
4644,48,16
4645,48,17
4646,48,18
4647,48,19
4648,48,20
4649,48,21
4650,48,22
4651,48,23
4652,48,24
4653,48,25
4654,48,26
4655,48,27
4656,48,28
4657,48,29
4658,48,30
4659,49,1
4660,49,2
4661,49,3
4662,49,4
4663,49,5
4664,49,6
4665,49,7
4666,49,8
4667,49,9
4668,49,10
4669,49,11
4670,49,12
4671,49,13
4672,49,14
4673,49,15
4674,49,16
4675,49,17
4676,49,18
4677,49,19
4678,50,1
4679,50,2
4680,50,3
4681,50,4
4682,50,5
4683,50,6
4684,50,7
4685,50,8
4686,50,9
4687,50,10
4688,50,11
4689,50,12
4690,50,13
4691,50,14
4692,50,15
4693,50,16
4694,50,17
4695,50,18
4696,50,19
4697,50,20
4698,50,21
4699,50,22
4700,50,23
4701,50,24
4702,50,25
4703,50,26
4704,50,27
4705,50,28
4706,50,29
4707,50,30
4708,50,31
4709,50,32
4710,50,33
4711,50,34
4712,50,35
4713,50,36
4714,50,37
4715,50,38
4716,50,39
4717,50,40
4718,50,41
4719,50,42
4720,50,43
4721,50,44
4722,50,45
4723,50,46
4724,51,1
4725,51,2
4726,51,3
4727,51,4
4728,51,5
4729,51,6
4730,51,7
4731,51,8
4732,51,9
4733,51,10
4734,51,11
4735,51,12
4736,51,13
4737,51,14
4738,51,15
4739,51,16
4740,51,17
4741,51,18
4742,51,19
4743,51,20
4744,51,21
4745,51,22
4746,51,23
4747,51,24
4748,51,25
4749,51,26
4750,51,27
4751,51,28
4752,51,29
4753,51,30
4754,51,31
4755,51,32
4756,51,33
4757,51,34
4758,51,35
4759,51,36
4760,51,37
4761,51,38
4762,51,39
4763,51,40
4764,51,41
4765,51,42
4766,51,43
4767,51,44
4768,51,45
4769,51,46
4770,51,47
4771,51,48
4772,51,49
4773,51,50
4774,51,51
4775,51,52
4776,51,53
4777,51,54
4778,51,55
4779,51,56
4780,51,57
4781,51,58
4782,51,59
4783,51,60
4784,51,61
4785,52,1
4786,52,2
4787,52,3
4788,52,4
4789,52,5
4790,52,6
4791,52,7
4792,52,8
4793,52,9
4794,52,10
4795,52,11
4796,52,12
4797,52,13
4798,52,14
4799,52,15
4800,52,16
4801,52,17
4802,52,18
4803,52,19
4804,52,20
4805,52,21
4806,52,22
4807,52,23
4808,52,24
4809,52,25
4810,52,26
4811,52,27
4812,52,28
4813,52,29
4814,52,30
4815,52,31
4816,52,32
4817,52,33
4818,52,34
4819,52,35
4820,52,36
4821,52,37
4822,52,38
4823,52,39
4824,52,40
4825,52,41
4826,52,42
4827,52,43
4828,52,44
4829,52,45
4830,52,46
4831,52,47
4832,52,48
4833,52,49
4834,52,50
4835,53,1
4836,53,2
4837,53,3
4838,53,4
4839,53,5
4840,53,6
4841,53,7
4842,53,8
4843,53,9
4844,53,10
4845,53,11
4846,53,12
4847,53,13
4848,53,14
4849,53,15
4850,53,16
4851,53,17
4852,53,18
4853,53,19
4854,53,20
4855,53,21
4856,53,22
4857,53,23
4858,53,24
4859,53,25
4860,53,26
4861,53,27
4862,53,28
4863,53,29
4864,53,30
4865,53,31
4866,53,32
4867,53,33
4868,53,34
4869,53,35
4870,53,36
4871,53,37
4872,53,38
4873,53,39
4874,53,40
4875,53,41
4876,53,42
4877,53,43
4878,53,44
4879,53,45
4880,53,46
4881,53,47
4882,53,48
4883,53,49
4884,53,50
4885,53,51
4886,53,52
4887,53,53
4888,53,54
4889,53,55
4890,53,56
4891,53,57
4892,53,58
4893,53,59
4894,53,60
4895,53,61
4896,53,62
4897,53,63
4898,54,1
4899,54,2
4900,54,3
4901,54,4
4902,54,5
4903,54,6
4904,54,7
4905,54,8
4906,54,9
4907,54,10
4908,54,11
4909,54,12
4910,54,13
4911,54,14
4912,54,15
4913,54,16
4914,54,17
4915,54,18
4916,54,19
4917,54,20
4918,54,21
4919,54,22
4920,54,23
4921,54,24
4922,54,25
4923,54,26
4924,54,27
4925,54,28
4926,54,29
4927,54,30
4928,54,31
4929,54,32
4930,54,33
4931,54,34
4932,54,35
4933,54,36
4934,54,37
4935,54,38
4936,54,39
4937,54,40
4938,54,41
4939,54,42
4940,54,43
4941,54,44
4942,54,45
4943,54,46
4944,54,47
4945,54,48
4946,54,49
4947,54,50
4948,54,51
4949,54,52
4950,54,53
4951,54,54
4952,54,55
4953,54,56
4954,55,1
4955,55,2
4956,55,3
4957,55,4
4958,55,5
4959,55,6
4960,55,7
4961,55,8
4962,55,9
4963,55,10
4964,55,11
4965,55,12
4966,55,13
4967,55,14
4968,55,15
4969,55,16
4970,55,17
4971,55,18
4972,55,19
4973,55,20
4974,55,21
4975,55,22
4976,55,23
4977,55,24
4978,55,25
4979,55,26
4980,55,27
4981,55,28
4982,55,29
4983,55,30
4984,55,31
4985,55,32
4986,55,33
4987,55,34
4988,55,35
4989,55,36
4990,55,37
4991,55,38
4992,55,39
4993,55,40
4994,55,41
4995,55,42
4996,55,43
4997,55,44
4998,55,45
4999,55,46
5000,55,47
5001,55,48
5002,55,49
5003,55,50
5004,55,51
5005,55,52
5006,55,53
5007,55,54
5008,55,55
5009,55,56
5010,55,57
5011,55,58
5012,55,59
5013,55,60
5014,55,61
5015,55,62
5016,55,63
5017,55,64
5018,55,65
5019,55,66
5020,55,67
5021,55,68
5022,55,69
5023,55,70
5024,55,71
5025,55,72
5026,55,73
5027,55,74
5028,55,75
5029,55,76
5030,55,77
5031,55,78
5032,55,79
5033,56,1
5034,56,2
5035,56,3
5036,56,4
5037,56,5
5038,56,6
5039,56,7
5040,56,8
5041,56,9
5042,56,10
5043,56,11
5044,56,12
5045,56,13
5046,56,14
5047,56,15
5048,56,16
5049,56,17
5050,56,18
5051,56,19
5052,56,20
5053,56,21
5054,56,22
5055,56,23
5056,56,24
5057,56,25
5058,56,26
5059,56,27
5060,56,28
5061,56,29
5062,56,30
5063,56,31
5064,56,32
5065,56,33
5066,56,34
5067,56,35
5068,56,36
5069,56,37
5070,56,38
5071,56,39
5072,56,40
5073,56,41
5074,56,42
5075,56,43
5076,56,44
5077,56,45
5078,56,46
5079,56,47
5080,56,48
5081,56,49
5082,56,50
5083,56,51
5084,56,52
5085,56,53
5086,56,54
5087,56,55
5088,56,56
5089,56,57
5090,56,58
5091,56,59
5092,56,60
5093,56,61
5094,56,62
5095,56,63
5096,56,64
5097,56,65
5098,56,66
5099,56,67
5100,56,68
5101,56,69
5102,56,70
5103,56,71
5104,56,72
5105,56,73
5106,56,74
5107,56,75
5108,56,76
5109,56,77
5110,56,78
5111,56,79
5112,56,80
5113,56,81
5114,56,82
5115,56,83
5116,56,84
5117,56,85
5118,56,86
5119,56,87
5120,56,88
5121,56,89
5122,56,90
5123,56,91
5124,56,92
5125,56,93
5126,56,94
5127,56,95
5128,56,96
5129,56,97
5130,57,1
5131,57,2
5132,57,3
5133,57,4
5134,57,5
5135,57,6
5136,57,7
5137,57,8
5138,57,9
5139,57,10
5140,57,11
5141,57,12
5142,57,13
5143,57,14
5144,57,15
5145,57,16
5146,57,17
5147,57,18
5148,57,19
5149,57,20
5150,57,21
5151,57,22
5152,57,23
5153,57,24
5154,57,25
5155,57,26
5156,57,27
5157,57,28
5158,57,29
5159,57,30
5160,58,1
5161,58,2
5162,58,3
5163,58,4
5164,58,5
5165,58,6
5166,58,7
5167,58,8
5168,58,9
5169,58,10
5170,58,11
5171,58,12
5172,58,13
5173,58,14
5174,58,15
5175,58,16
5176,58,17
5177,58,18
5178,58,19
5179,58,20
5180,58,21
5181,58,22
5182,58,23
5183,59,1
5184,59,2
5185,59,3
5186,59,4
5187,59,5
5188,59,6
5189,59,7
5190,59,8
5191,59,9
5192,59,10
5193,59,11
5194,59,12
5195,59,13
5196,59,14
5197,59,15
5198,59,16
5199,59,17
5200,59,18
5201,59,19
5202,59,20
5203,59,21
5204,59,22
5205,59,23
5206,59,24
5207,59,25
5208,60,1
5209,60,2
5210,60,3
5211,60,4
5212,60,5
5213,60,6
5214,60,7
5215,60,8
5216,60,9
5217,60,10
5218,60,11
5219,60,12
5220,60,13
5221,60,14
5222,61,1
5223,61,2
5224,61,3
5225,61,4
5226,61,5
5227,61,6
5228,61,7
5229,61,8
5230,61,9
5231,61,10
5232,61,11
5233,61,12
5234,61,13
5235,61,14
5236,61,15
5237,62,1
5238,62,2
5239,62,3
5240,62,4
5241,62,5
5242,62,6
5243,62,7
5244,62,8
5245,62,9
5246,62,10
5247,62,11
5248,62,12
5249,63,1
5250,63,2
5251,63,3
5252,63,4
5253,63,5
5254,63,6
5255,63,7
5256,63,8
5257,63,9
5258,63,10
5259,63,11
5260,63,12
5261,64,1
5262,64,2
5263,64,3
5264,64,4
5265,64,5
5266,64,6
5267,64,7
5268,64,8
5269,64,9
5270,64,10
5271,64,11
5272,64,12
5273,64,13
5274,64,14
5275,64,15
5276,64,16
5277,64,17
5278,64,18
5279,64,19
5280,65,1
5281,65,2
5282,65,3
5283,65,4
5284,65,5
5285,65,6
5286,65,7
5287,65,8
5288,65,9
5289,65,10
5290,65,11
5291,65,12
5292,65,13
5293,66,1
5294,66,2
5295,66,3
5296,66,4
5297,66,5
5298,66,6
5299,66,7
5300,66,8
5301,66,9
5302,66,10
5303,66,11
5304,66,12
5305,66,13
5306,67,1
5307,67,2
5308,67,3
5309,67,4
5310,67,5
5311,67,6
5312,67,7
5313,67,8
5314,67,9
5315,67,10
5316,67,11
5317,67,12
5318,67,13
5319,67,14
5320,67,15
5321,67,16
5322,67,17
5323,67,18
5324,67,19
5325,67,20
5326,67,21
5327,67,22
5328,67,23
5329,67,24
5330,67,25
5331,67,26
5332,67,27
5333,67,28
5334,67,29
5335,67,30
5336,67,31
5337,68,1
5338,68,2
5339,68,3
5340,68,4
5341,68,5
5342,68,6
5343,68,7
5344,68,8
5345,68,9
5346,68,10
5347,68,11
5348,68,12
5349,68,13
5350,68,14
5351,68,15
5352,68,16
5353,68,17
5354,68,18
5355,68,19
5356,68,20
5357,68,21
5358,68,22
5359,68,23
5360,68,24
5361,68,25
5362,68,26
5363,68,27
5364,68,28
5365,68,29
5366,68,30
5367,68,31
5368,68,32
5369,68,33
5370,68,34
5371,68,35
5372,68,36
5373,68,37
5374,68,38
5375,68,39
5376,68,40
5377,68,41
5378,68,42
5379,68,43
5380,68,44
5381,68,45
5382,68,46
5383,68,47
5384,68,48
5385,68,49
5386,68,50
5387,68,51
5388,68,52
5389,68,53
5390,69,1
5391,69,2
5392,69,3
5393,69,4
5394,69,5
5395,69,6
5396,69,7
5397,69,8
5398,69,9
5399,69,10
5400,69,11
5401,69,12
5402,69,13
5403,69,14
5404,69,15
5405,69,16
5406,69,17
5407,69,18
5408,69,19
5409,69,20
5410,69,21
5411,69,22
5412,69,23
5413,69,24
5414,69,25
5415,69,26
5416,69,27
5417,69,28
5418,69,29
5419,69,30
5420,69,31
5421,69,32
5422,69,33
5423,69,34
5424,69,35
5425,69,36
5426,69,37
5427,69,38
5428,69,39
5429,69,40
5430,69,41
5431,69,42
5432,69,43
5433,69,44
5434,69,45
5435,69,46
5436,69,47
5437,69,48
5438,69,49
5439,69,50
5440,69,51
5441,69,52
5442,69,53
5443,70,1
5444,70,2
5445,70,3
5446,70,4
5447,70,5
5448,70,6
5449,70,7
5450,70,8
5451,70,9
5452,70,10
5453,70,11
5454,70,12
5455,70,13
5456,70,14
5457,70,15
5458,70,16
5459,70,17
5460,70,18
5461,70,19
5462,70,20
5463,70,21
5464,70,22
5465,70,23
5466,70,24
5467,70,25
5468,70,26
5469,70,27
5470,70,28
5471,70,29
5472,70,30
5473,70,31
5474,70,32
5475,70,33
5476,70,34
5477,70,35
5478,70,36
5479,70,37
5480,70,38
5481,70,39
5482,70,40
5483,70,41
5484,70,42
5485,70,43
5486,70,44
5487,70,45
5488,71,1
5489,71,2
5490,71,3
5491,71,4
5492,71,5
5493,71,6
5494,71,7
5495,71,8
5496,71,9
5497,71,10
5498,71,11
5499,71,12
5500,71,13
5501,71,14
5502,71,15
5503,71,16
5504,71,17
5505,71,18
5506,71,19
5507,71,20
5508,71,21
5509,71,22
5510,71,23
5511,71,24
5512,71,25
5513,71,26
5514,71,27
5515,71,28
5516,71,29
5517,72,1
5518,72,2
5519,72,3
5520,72,4
5521,72,5
5522,72,6
5523,72,7
5524,72,8
5525,72,9
5526,72,10
5527,72,11
5528,72,12
5529,72,13
5530,72,14
5531,72,15
5532,72,16
5533,72,17
5534,72,18
5535,72,19
5536,72,20
5537,72,21
5538,72,22
5539,72,23
5540,72,24
5541,72,25
5542,72,26
5543,72,27
5544,72,28
5545,72,29
5546,73,1
5547,73,2
5548,73,3
5549,73,4
5550,73,5
5551,73,6
5552,73,7
5553,73,8
5554,73,9
5555,73,10
5556,73,11
5557,73,12
5558,73,13
5559,73,14
5560,73,15
5561,73,16
5562,73,17
5563,73,18
5564,73,19
5565,73,20
5566,73,21
5567,74,1
5568,74,2
5569,74,3
5570,74,4
5571,74,5
5572,74,6
5573,74,7
5574,74,8
5575,74,9
5576,74,10
5577,74,11
5578,74,12
5579,74,13
5580,74,14
5581,74,15
5582,74,16
5583,74,17
5584,74,18
5585,74,19
5586,74,20
5587,74,21
5588,74,22
5589,74,23
5590,74,24
5591,74,25
5592,74,26
5593,74,27
5594,74,28
5595,74,29
5596,74,30
5597,74,31
5598,74,32
5599,74,33
5600,74,34
5601,74,35
5602,74,36
5603,74,37
5604,74,38
5605,74,39
5606,74,40
5607,74,41
5608,74,42
5609,74,43
5610,74,44
5611,74,45
5612,74,46
5613,74,47
5614,74,48
5615,74,49
5616,74,50
5617,74,51
5618,74,52
5619,74,53
5620,74,54
5621,74,55
5622,74,56
5623,74,57
5624,75,1
5625,75,2
5626,75,3
5627,75,4
5628,75,5
5629,75,6
5630,75,7
5631,75,8
5632,75,9
5633,75,10
5634,75,11
5635,75,12
5636,75,13
5637,75,14
5638,75,15
5639,75,16
5640,75,17
5641,75,18
5642,75,19
5643,75,20
5644,75,21
5645,75,22
5646,75,23
5647,75,24
5648,75,25
5649,75,26
5650,75,27
5651,75,28
5652,75,29
5653,75,30
5654,75,31
5655,75,32
5656,75,33
5657,75,34
5658,75,35
5659,75,36
5660,75,37
5661,75,38
5662,75,39
5663,75,40
5664,75,41
5665,76,1
5666,76,2
5667,76,3
5668,76,4
5669,76,5
5670,76,6
5671,76,7
5672,76,8
5673,76,9
5674,76,10
5675,76,11
5676,76,12
5677,76,13
5678,76,14
5679,76,15
5680,76,16
5681,76,17
5682,76,18
5683,76,19
5684,76,20
5685,76,21
5686,76,22
5687,76,23
5688,76,24
5689,76,25
5690,76,26
5691,76,27
5692,76,28
5693,76,29
5694,76,30
5695,76,31
5696,76,32
5697,77,1
5698,77,2
5699,77,3
5700,77,4
5701,77,5
5702,77,6
5703,77,7
5704,77,8
5705,77,9
5706,77,10
5707,77,11
5708,77,12
5709,77,13
5710,77,14
5711,77,15
5712,77,16
5713,77,17
5714,77,18
5715,77,19
5716,77,20
5717,77,21
5718,77,22
5719,77,23
5720,77,24
5721,77,25
5722,77,26
5723,77,27
5724,77,28
5725,77,29
5726,77,30
5727,77,31
5728,77,32
5729,77,33
5730,77,34
5731,77,35
5732,77,36
5733,77,37
5734,77,38
5735,77,39
5736,77,40
5737,77,41
5738,77,42
5739,77,43
5740,77,44
5741,77,45
5742,77,46
5743,77,47
5744,77,48
5745,77,49
5746,77,50
5747,77,51
5748,78,1
5749,78,2
5750,78,3
5751,78,4
5752,78,5
5753,78,6
5754,78,7
5755,78,8
5756,78,9
5757,78,10
5758,78,11
5759,78,12
5760,78,13
5761,78,14
5762,78,15
5763,78,16
5764,78,17
5765,78,18
5766,78,19
5767,78,20
5768,78,21
5769,78,22
5770,78,23
5771,78,24
5772,78,25
5773,78,26
5774,78,27
5775,78,28
5776,78,29
5777,78,30
5778,78,31
5779,78,32
5780,78,33
5781,78,34
5782,78,35
5783,78,36
5784,78,37
5785,78,38
5786,78,39
5787,78,40
5788,78,41
5789,79,1
5790,79,2
5791,79,3
5792,79,4
5793,79,5
5794,79,6
5795,79,7
5796,79,8
5797,79,9
5798,79,10
5799,79,11
5800,79,12
5801,79,13
5802,79,14
5803,79,15
5804,79,16
5805,79,17
5806,79,18
5807,79,19
5808,79,20
5809,79,21
5810,79,22
5811,79,23
5812,79,24
5813,79,25
5814,79,26
5815,79,27
5816,79,28
5817,79,29
5818,79,30
5819,79,31
5820,79,32
5821,79,33
5822,79,34
5823,79,35
5824,79,36
5825,79,37
5826,79,38
5827,79,39
5828,79,40
5829,79,41
5830,79,42
5831,79,43
5832,79,44
5833,79,45
5834,79,46
5835,79,47
5836,80,1
5837,80,2
5838,80,3
5839,80,4
5840,80,5
5841,80,6
5842,80,7
5843,80,8
5844,80,9
5845,80,10
5846,80,11
5847,80,12
5848,80,13
5849,80,14
5850,80,15
5851,80,16
5852,80,17
5853,80,18
5854,80,19
5855,80,20
5856,80,21
5857,80,22
5858,80,23
5859,80,24
5860,80,25
5861,80,26
5862,80,27
5863,80,28
5864,80,29
5865,80,30
5866,80,31
5867,80,32
5868,80,33
5869,80,34
5870,80,35
5871,80,36
5872,80,37
5873,80,38
5874,80,39
5875,80,40
5876,80,41
5877,80,42
5878,80,43
5879,81,1
5880,81,2
5881,81,3
5882,81,4
5883,81,5
5884,81,6
5885,81,7
5886,81,8
5887,81,9
5888,81,10
5889,81,11
5890,81,12
5891,81,13
5892,81,14
5893,81,15
5894,81,16
5895,81,17
5896,81,18
5897,81,19
5898,81,20
5899,81,21
5900,81,22
5901,81,23
5902,81,24
5903,81,25
5904,81,26
5905,81,27
5906,81,28
5907,81,29
5908,81,30
5909,82,1
5910,82,2
5911,82,3
5912,82,4
5913,82,5
5914,82,6
5915,82,7
5916,82,8
5917,82,9
5918,82,10
5919,82,11
5920,82,12
5921,82,13
5922,82,14
5923,82,15
5924,82,16
5925,82,17
5926,82,18
5927,82,19
5928,82,20
5929,83,1
5930,83,2
5931,83,3
5932,83,4
5933,83,5
5934,83,6
5935,83,7
5936,83,8
5937,83,9
5938,83,10
5939,83,11
5940,83,12
5941,83,13
5942,83,14
5943,83,15
5944,83,16
5945,83,17
5946,83,18
5947,83,19
5948,83,20
5949,83,21
5950,83,22
5951,83,23
5952,83,24
5953,83,25
5954,83,26
5955,83,27
5956,83,28
5957,83,29
5958,83,30
5959,83,31
5960,83,32
5961,83,33
5962,83,34
5963,83,35
5964,83,36
5965,83,37
5966,84,1
5967,84,2
5968,84,3
5969,84,4
5970,84,5
5971,84,6
5972,84,7
5973,84,8
5974,84,9
5975,84,10
5976,84,11
5977,84,12
5978,84,13
5979,84,14
5980,84,15
5981,84,16
5982,84,17
5983,84,18
5984,84,19
5985,84,20
5986,84,21
5987,84,22
5988,84,23
5989,84,24
5990,84,25
5991,84,26
5992,85,1
5993,85,2
5994,85,3
5995,85,4
5996,85,5
5997,85,6
5998,85,7
5999,85,8
6000,85,9
6001,85,10
6002,85,11
6003,85,12
6004,85,13
6005,85,14
6006,85,15
6007,85,16
6008,85,17
6009,85,18
6010,85,19
6011,85,20
6012,85,21
6013,85,22
6014,85,23
6015,86,1
6016,86,2
6017,86,3
6018,86,4
6019,86,5
6020,86,6
6021,86,7
6022,86,8
6023,86,9
6024,86,10
6025,86,11
6026,86,12
6027,86,13
6028,86,14
6029,86,15
6030,86,16
6031,86,17
6032,86,18
6033,87,1
6034,87,2
6035,87,3
6036,87,4
6037,87,5
6038,87,6
6039,87,7
6040,87,8
6041,87,9
6042,87,10
6043,87,11
6044,87,12
6045,87,13
6046,87,14
6047,87,15
6048,87,16
6049,87,17
6050,87,18
6051,87,19
6052,87,20
6053,88,1
6054,88,2
6055,88,3
6056,88,4
6057,88,5
6058,88,6
6059,88,7
6060,88,8
6061,88,9
6062,88,10
6063,88,11
6064,88,12
6065,88,13
6066,88,14
6067,88,15
6068,88,16
6069,88,17
6070,88,18
6071,88,19
6072,88,20
6073,88,21
6074,88,22
6075,88,23
6076,88,24
6077,88,25
6078,88,26
6079,88,27
6080,89,1
6081,89,2
6082,89,3
6083,89,4
6084,89,5
6085,89,6
6086,89,7
6087,89,8
6088,89,9
6089,89,10
6090,89,11
6091,89,12
6092,89,13
6093,89,14
6094,89,15
6095,89,16
6096,89,17
6097,89,18
6098,89,19
6099,89,20
6100,89,21
6101,89,22
6102,89,23
6103,89,24
6104,89,25
6105,89,26
6106,89,27
6107,89,28
6108,89,29
6109,89,30
6110,89,31
6111,90,1
6112,90,2
6113,90,3
6114,90,4
6115,90,5
6116,90,6
6117,90,7
6118,90,8
6119,90,9
6120,90,10
6121,90,11
6122,90,12
6123,90,13
6124,90,14
6125,90,15
6126,90,16
6127,90,17
6128,90,18
6129,90,19
6130,90,20
6131,90,21
6132,91,1
6133,91,2
6134,91,3
6135,91,4
6136,91,5
6137,91,6
6138,91,7
6139,91,8
6140,91,9
6141,91,10
6142,91,11
6143,91,12
6144,91,13
6145,91,14
6146,91,15
6147,91,16
6148,92,1
6149,92,2
6150,92,3
6151,92,4
6152,92,5
6153,92,6
6154,92,7
6155,92,8
6156,92,9
6157,92,10
6158,92,11
6159,92,12
6160,92,13
6161,92,14
6162,92,15
6163,92,16
6164,92,17
6165,92,18
6166,92,19
6167,92,20
6168,92,21
6169,92,22
6170,93,1
6171,93,2
6172,93,3
6173,93,4
6174,93,5
6175,93,6
6176,93,7
6177,93,8
6178,93,9
6179,93,10
6180,93,11
6181,93,12
6182,94,1
6183,94,2
6184,94,3
6185,94,4
6186,94,5
6187,94,6
6188,94,7
6189,94,8
6190,94,9
6191,95,1
6192,95,2
6193,95,3
6194,95,4
6195,95,5
6196,95,6
6197,95,7
6198,95,8
6199,95,9
6200,96,1
6201,96,2
6202,96,3
6203,96,4
6204,96,5
6205,96,6
6206,96,7
6207,96,8
6208,96,9
6209,96,10
6210,96,11
6211,96,12
6212,96,13
6213,96,14
6214,96,15
6215,96,16
6216,96,17
6217,96,18
6218,96,19
6219,96,20
6220,97,1
6221,97,2
6222,97,3
6223,97,4
6224,97,5
6225,97,6
6226,98,1
6227,98,2
6228,98,3
6229,98,4
6230,98,5
6231,98,6
6232,98,7
6233,98,8
6234,98,9
6235,99,1
6236,99,2
6237,99,3
6238,99,4
6239,99,5
6240,99,6
6241,99,7
6242,99,8
6243,99,9
6244,100,1
6245,100,2
6246,100,3
6247,100,4
6248,100,5
6249,100,6
6250,100,7
6251,100,8
6252,100,9
6253,100,10
6254,100,11
6255,100,12
6256,101,1
6257,101,2
6258,101,3
6259,101,4
6260,101,5
6261,101,6
6262,101,7
6263,101,8
6264,101,9
6265,101,10
6266,101,11
6267,101,12
6268,102,1
6269,102,2
6270,102,3
6271,102,4
6272,102,5
6273,102,6
6274,102,7
6275,102,8
6276,102,9
6277,103,1
6278,103,2
6279,103,3
6280,103,4
6281,104,1
6282,104,2
6283,104,3
6284,104,4
6285,104,5
6286,104,6
6287,104,7
6288,104,8
6289,104,9
6290,104,10
6291,105,1
6292,105,2
6293,105,3
6294,105,4
6295,105,5
6296,105,6
6297,106,1
6298,106,2
6299,106,3
6300,106,4
6301,106,5
6302,107,1
6303,107,2
6304,107,3
6305,107,4
6306,107,5
6307,107,6
6308,107,7
6309,107,8
6310,108,1
6311,108,2
6312,108,3
6313,108,4
6314,109,1
6315,109,2
6316,109,3
6317,109,4
6318,109,5
6319,109,6
6320,109,7
6321,110,1
6322,110,2
6323,110,3
6324,110,4
6325,111,1
6326,111,2
6327,111,3
6328,111,4
6329,111,5
6330,111,6
6331,112,1
6332,112,2
6333,112,3
6334,112,4
6335,112,5
6336,113,1
6337,113,2
6338,113,3
6339,113,4
6340,113,5
6341,113,6
6342,114,1
6343,114,2
6344,114,3
6345,114,4
6346,114,5
6347,114,6
6348,114,7
